time_seconds,total_vibration,rms_x,rms_y,rms_z
0.330,0.341741,0.006537,0.011992,0.341468
0.340,0.341736,0.006635,0.011987,0.341462
0.350,0.341751,0.006693,0.011965,0.341476
0.360,0.341726,0.006664,0.012001,0.341450
0.370,0.341729,0.006579,0.012000,0.341455
0.380,0.341720,0.006576,0.011560,0.341461
0.390,0.341706,0.006599,0.011398,0.341452
0.400,0.341703,0.006696,0.011368,0.341449
0.410,0.341668,0.006802,0.011337,0.341412
0.420,0.341665,0.006657,0.011551,0.341405
0.430,0.341648,0.006725,0.011561,0.341386
0.440,0.341682,0.006794,0.011393,0.341425
0.450,0.341699,0.006692,0.011201,0.341450
0.460,0.341690,0.006847,0.011184,0.341438
0.470,0.341665,0.006925,0.011261,0.341409
0.480,0.341674,0.006947,0.011260,0.341418
0.490,0.341690,0.006951,0.011254,0.341434
0.500,0.341700,0.007000,0.011240,0.341444
0.510,0.341723,0.007084,0.011245,0.341464
0.520,0.009241,0.006145,0.005523,0.004139
0.530,0.009233,0.006167,0.005574,0.004019
0.540,0.009245,0.006168,0.005591,0.004022
0.550,0.008892,0.006156,0.005358,0.003530
0.560,0.008839,0.006206,0.005222,0.003514
0.570,0.008961,0.006401,0.005216,0.003481
0.580,0.008864,0.006325,0.005075,0.003580
0.590,0.008757,0.006323,0.005013,0.003402
0.600,0.008734,0.006284,0.005017,0.003411
0.610,0.008699,0.006260,0.005002,0.003387
0.620,0.008621,0.006188,0.004978,0.003354
0.630,0.008780,0.006519,0.004841,0.003342
0.640,0.008916,0.006564,0.005017,0.003352
0.650,0.008866,0.006534,0.004894,0.003458
0.662,0.008972,0.006476,0.004790,0.003952
0.670,0.008984,0.006496,0.004750,0.003992
0.680,0.008961,0.006421,0.004807,0.003996
0.690,0.009053,0.006522,0.004858,0.003976
0.700,0.008934,0.006522,0.004664,0.003940
0.710,0.008805,0.006263,0.004726,0.003996
0.720,0.008911,0.006317,0.004878,0.003963
0.730,0.008823,0.006322,0.004749,0.003915
0.740,0.008904,0.006325,0.004785,0.004047
0.750,0.008914,0.006342,0.004749,0.004084
0.760,0.009013,0.006344,0.004762,0.004278
0.770,0.009141,0.006366,0.004971,0.004279
0.780,0.009205,0.006351,0.005060,0.004335
0.790,0.009240,0.006357,0.005060,0.004401
0.800,0.009294,0.006390,0.005152,0.004360
0.810,0.009063,0.006084,0.005154,0.004307
0.820,0.009005,0.005995,0.005160,0.004304
0.830,0.008999,0.005985,0.005172,0.004292
0.840,0.009234,0.006145,0.005242,0.004476
0.850,0.009353,0.006095,0.005418,0.004580
0.860,0.009488,0.006249,0.005362,0.004713
0.870,0.009681,0.006260,0.005385,0.005053
0.880,0.009794,0.006400,0.005391,0.005089
0.890,0.009894,0.006379,0.005596,0.005087
0.900,0.009812,0.006242,0.005597,0.005098
0.910,0.009751,0.006144,0.005596,0.005100
0.920,0.009558,0.006138,0.005201,0.005161
0.930,0.009509,0.006060,0.005203,0.005161
0.940,0.009419,0.005989,0.005188,0.005092
0.950,0.009423,0.005992,0.005238,0.005044
0.960,0.009330,0.005810,0.005277,0.005045
0.970,0.009296,0.005746,0.005230,0.005104
0.980,0.009393,0.005861,0.005244,0.005135
0.990,0.009347,0.005847,0.005229,0.005083
1.000,0.009312,0.005777,0.005188,0.005142
1.010,0.009264,0.005701,0.005175,0.005152
1.020,0.009318,0.005713,0.005304,0.005104
1.030,0.009405,0.005688,0.005436,0.005152
1.040,0.009638,0.005813,0.005746,0.005106
1.050,0.009686,0.005811,0.005809,0.005130
1.060,0.009648,0.005717,0.005808,0.005164
1.070,0.009511,0.005480,0.005798,0.005178
1.080,0.009511,0.005476,0.005844,0.005131
1.090,0.009556,0.005574,0.005828,0.005127
1.100,0.009679,0.005574,0.005845,0.005333
1.110,0.009688,0.005574,0.005866,0.005326
1.120,0.009858,0.005908,0.005832,0.005316
1.130,0.009635,0.005474,0.005831,0.005373
1.140,0.009595,0.005424,0.005756,0.005432
1.150,0.009568,0.005426,0.005763,0.005374
1.160,0.009368,0.005410,0.005762,0.005029
1.170,0.009380,0.005428,0.005801,0.004988
1.180,0.009482,0.005587,0.005780,0.005028
1.190,0.009393,0.005486,0.005763,0.004992
1.200,0.009480,0.005569,0.005749,0.005079
1.210,0.009480,0.005593,0.005638,0.005177
1.220,0.009553,0.005645,0.005682,0.005206
1.230,0.009773,0.005770,0.005882,0.005254
1.240,0.009743,0.005771,0.005852,0.005233
1.250,0.010171,0.006007,0.006303,0.005256
1.260,0.010234,0.006170,0.006334,0.005152
1.270,0.010210,0.006160,0.006166,0.005318
1.280,0.010258,0.006356,0.006077,0.005282
1.290,0.010385,0.006619,0.006050,0.005238
1.300,0.010362,0.006552,0.005921,0.005421
1.310,0.010440,0.006692,0.005909,0.005412
1.320,0.010467,0.006686,0.005915,0.005464
1.330,0.010438,0.006665,0.005890,0.005463
1.340,0.010190,0.006359,0.005932,0.005311
1.350,0.010139,0.006345,0.005818,0.005358
1.360,0.010008,0.006236,0.005800,0.005257
1.370,0.010148,0.006449,0.006070,0.004956
1.380,0.010103,0.006338,0.006101,0.004967
1.390,0.010024,0.006329,0.005958,0.004992
1.400,0.010102,0.006440,0.005975,0.004987
1.410,0.010163,0.006491,0.006000,0.005016
1.420,0.010291,0.006572,0.006039,0.005123
1.430,0.010308,0.006599,0.006042,0.005118
1.440,0.010409,0.006789,0.006037,0.005082
1.450,0.010378,0.006787,0.005948,0.005124
1.460,0.010842,0.007277,0.006153,0.005171
1.470,0.010935,0.007252,0.006378,0.005127
1.480,0.010975,0.007134,0.006396,0.005353
1.490,0.015587,0.012479,0.007602,0.005427
1.500,0.016478,0.012927,0.008571,0.005564
1.510,0.018161,0.014915,0.008710,0.005612
1.520,0.018174,0.014920,0.008711,0.005639
1.530,0.021167,0.016870,0.010802,0.006839
1.540,0.039252,0.031009,0.020621,0.012405
1.550,0.046167,0.033299,0.029246,0.012931
1.560,0.049725,0.036479,0.031181,0.013024
1.570,0.051349,0.038321,0.031413,0.013473
1.580,0.051933,0.038400,0.032271,0.013458
1.590,0.052662,0.038765,0.032694,0.014200
1.600,0.055811,0.038838,0.037375,0.014478
1.610,0.058748,0.038987,0.041490,0.014488
1.620,0.059187,0.039179,0.041821,0.014800
1.630,0.059703,0.039195,0.041832,0.016681
1.640,0.060030,0.039516,0.042000,0.016672
1.650,0.060750,0.039906,0.042499,0.017087
1.660,0.060963,0.040133,0.042507,0.017289
1.670,0.061283,0.040260,0.042808,0.017381
1.680,0.061388,0.040302,0.042914,0.017396
1.690,0.061444,0.040297,0.043000,0.017396
1.700,0.061496,0.040376,0.042995,0.017405
1.710,0.061568,0.040479,0.043013,0.017377
1.720,0.061735,0.040652,0.043089,0.017378
1.730,0.061877,0.040867,0.043091,0.017376
1.740,0.062057,0.041063,0.043116,0.017489
1.750,0.062128,0.041032,0.043246,0.017494
1.760,0.062183,0.041016,0.043264,0.017679
1.770,0.062324,0.041024,0.043478,0.017635
1.780,0.062559,0.041243,0.043543,0.017797
1.790,0.062619,0.041215,0.043654,0.017798
1.800,0.062948,0.041279,0.043946,0.018086
1.810,0.062952,0.041280,0.043936,0.018128
1.820,0.063822,0.041904,0.044593,0.018131
1.830,0.064196,0.041899,0.044798,0.018940
1.840,0.064457,0.041899,0.045097,0.019118
1.850,0.065079,0.041900,0.045724,0.019720
1.860,0.066379,0.042962,0.045870,0.021365
1.870,0.068302,0.044410,0.047086,0.021814
1.880,0.068800,0.044457,0.047754,0.021830
1.890,0.069058,0.044458,0.048040,0.022013
1.900,0.069332,0.044807,0.048112,0.022013
1.910,0.070102,0.044990,0.049051,0.022004
1.920,0.075225,0.046813,0.054476,0.022355
1.930,0.076906,0.047477,0.056133,0.022573
1.940,0.077228,0.047486,0.056422,0.022929
1.950,0.077511,0.047494,0.056582,0.023467
1.960,0.080126,0.048193,0.059399,0.023862
1.970,0.082868,0.049209,0.062012,0.024497
1.980,0.087494,0.050037,0.067286,0.024982
1.990,0.091333,0.049280,0.072507,0.025613
2.000,0.091267,0.049203,0.072460,0.025657
2.010,0.092938,0.048838,0.074357,0.026895
2.020,0.095745,0.049184,0.077613,0.026911
2.030,0.103269,0.051393,0.085474,0.026784
2.040,0.099716,0.044950,0.085436,0.024967
2.050,0.098959,0.043663,0.085008,0.025690
2.060,0.099295,0.041402,0.085961,0.027497
2.070,0.104662,0.039656,0.092811,0.027707
2.080,0.106440,0.039605,0.094769,0.027924
2.090,0.106616,0.039268,0.094797,0.028959
2.100,0.106788,0.040495,0.094496,0.028885
2.110,0.108623,0.041157,0.096204,0.029149
2.120,0.109428,0.042423,0.096523,0.029296
2.130,0.109955,0.044132,0.096522,0.028741
2.140,0.110081,0.044186,0.096625,0.028793
2.150,0.109747,0.043826,0.096480,0.028557
2.160,0.110209,0.043585,0.096993,0.028960
2.170,0.110514,0.043522,0.097303,0.029176
2.180,0.111616,0.044389,0.098074,0.029482
2.190,0.112084,0.044569,0.098355,0.030048
2.200,0.113449,0.044605,0.099678,0.030747
2.210,0.115231,0.046013,0.101059,0.030793
2.220,0.116339,0.047723,0.101454,0.031053
2.230,0.117100,0.047501,0.102262,0.031599
2.240,0.117764,0.047537,0.103022,0.031544
2.250,0.118972,0.048537,0.103855,0.031819
2.260,0.119458,0.048569,0.104340,0.032006
2.270,0.119769,0.049244,0.104266,0.032375
2.280,0.121036,0.050413,0.105166,0.032381
2.290,0.122579,0.050518,0.106863,0.032461
2.300,0.123184,0.051112,0.107309,0.032350
2.310,0.123423,0.051164,0.107558,0.032356
2.320,0.123222,0.050730,0.107473,0.032551
2.330,0.123669,0.050946,0.108000,0.032166
2.340,0.124480,0.050962,0.108613,0.033185
2.350,0.124762,0.051108,0.108894,0.033100
2.360,0.124336,0.050265,0.109097,0.032103
2.370,0.123932,0.049026,0.109284,0.031818
2.380,0.123880,0.049087,0.109007,0.032469
2.390,0.123784,0.049114,0.108908,0.032396
2.400,0.124603,0.048810,0.109820,0.032910
2.410,0.124151,0.048646,0.109367,0.032953
2.420,0.121897,0.047618,0.107293,0.032856
2.430,0.121094,0.047345,0.106555,0.032684
2.440,0.121009,0.047334,0.106547,0.032410
2.450,0.121051,0.047582,0.106469,0.032459
2.460,0.119363,0.046780,0.104854,0.032633
2.470,0.117933,0.045909,0.103752,0.032189
2.480,0.114507,0.044917,0.100425,0.031767
2.490,0.111412,0.045096,0.096955,0.031283
2.500,0.112349,0.045833,0.097449,0.032017
2.510,0.110976,0.046223,0.095965,0.031143
2.520,0.108940,0.046498,0.093441,0.031219
2.530,0.101167,0.043129,0.085910,0.031532
2.540,0.101889,0.042429,0.086925,0.032020
2.550,0.100473,0.042718,0.085396,0.031267
2.560,0.098442,0.042580,0.083667,0.029624
2.570,0.094118,0.042802,0.078551,0.029258
2.580,0.091961,0.042933,0.075961,0.029044
2.590,0.091373,0.043027,0.075724,0.027635
2.600,0.090069,0.042250,0.074642,0.027495
2.610,0.086489,0.042203,0.070267,0.027600
2.620,0.087713,0.044565,0.070370,0.027487
2.630,0.089534,0.045594,0.072178,0.026978
2.640,0.091848,0.049109,0.072606,0.027436
2.650,0.096100,0.052421,0.075718,0.027458
2.660,0.101621,0.054834,0.081218,0.026904
2.670,0.102016,0.056173,0.080695,0.027206
2.680,0.101914,0.055471,0.080984,0.027405
2.690,0.105620,0.059738,0.080494,0.033280
2.700,0.108672,0.065689,0.079074,0.035239
2.710,0.111843,0.069193,0.080171,0.035969
2.720,0.114045,0.068727,0.080649,0.042172
2.730,0.115303,0.069253,0.082041,0.042050
2.740,0.122457,0.074150,0.086653,0.044594
2.750,0.123730,0.073907,0.088622,0.044643
2.760,0.126346,0.074144,0.092077,0.044582
2.770,0.127781,0.074488,0.093293,0.045564
2.780,0.128021,0.075501,0.092830,0.045513
2.790,0.128508,0.077208,0.092122,0.045460
2.800,0.130098,0.076874,0.092340,0.049890
2.810,0.131183,0.076853,0.093346,0.050884
2.820,0.133542,0.077615,0.095982,0.050958
2.830,0.134779,0.077614,0.096766,0.052705
2.840,0.134176,0.078649,0.095452,0.052024
2.850,0.146934,0.084922,0.102834,0.061668
2.860,0.149393,0.084931,0.103382,0.066462
2.870,0.149612,0.086334,0.102134,0.067073
2.880,0.159270,0.091735,0.106449,0.074969
2.890,0.164193,0.091759,0.110364,0.079745
2.900,0.164611,0.092452,0.110057,0.080231
2.910,0.173019,0.097202,0.118411,0.080412
2.920,0.176714,0.096646,0.123469,0.081503
2.930,0.179936,0.097018,0.124982,0.085699
2.940,0.189845,0.100119,0.135605,0.087343
2.950,0.193362,0.101933,0.139245,0.087230
2.960,0.194282,0.103294,0.139238,0.087684
2.970,0.203426,0.103684,0.151113,0.088298
2.980,0.204021,0.105791,0.150204,0.088722
2.991,0.205262,0.107479,0.150694,0.088724
3.000,0.212844,0.109236,0.158116,0.091484
3.010,0.218076,0.109720,0.161072,0.097848
3.020,0.228259,0.109829,0.171514,0.103066
3.030,0.230891,0.114090,0.171284,0.104671
3.040,0.231461,0.115614,0.171143,0.104489
3.050,0.235716,0.115489,0.176304,0.105553
3.060,0.236149,0.115980,0.176082,0.106350
3.070,0.236615,0.115882,0.176319,0.107097
3.080,0.237879,0.118087,0.175693,0.108508
3.090,0.237630,0.118772,0.174887,0.108516
3.100,0.240338,0.119097,0.177878,0.109260
3.110,0.239589,0.118620,0.177038,0.109497
3.120,0.239999,0.118512,0.176796,0.110894
3.130,0.238632,0.119172,0.174412,0.111012
3.140,0.239506,0.120983,0.174442,0.110888
3.150,0.235406,0.120949,0.168784,0.110902
3.160,0.236971,0.120578,0.170231,0.112418
3.170,0.235646,0.119229,0.168505,0.113664
3.180,0.236188,0.119714,0.168851,0.113765
3.190,0.234160,0.119089,0.167103,0.112808
3.200,0.230169,0.114758,0.165028,0.112134
3.210,0.230747,0.113351,0.166483,0.112603
3.220,0.227232,0.112369,0.163686,0.110519
3.230,0.227517,0.111826,0.164474,0.110487
3.240,0.227504,0.110452,0.165244,0.110693
3.250,0.222177,0.109497,0.157899,0.111540
3.260,0.225243,0.109865,0.157892,0.117193
3.270,0.223997,0.110362,0.152889,0.120911
3.280,0.223014,0.108155,0.152549,0.121518
3.290,0.223301,0.107842,0.152290,0.122643
3.300,0.225770,0.109326,0.155778,0.121462
3.310,0.224969,0.109353,0.153249,0.123157
3.320,0.226787,0.111645,0.154103,0.123368
3.330,0.232657,0.112349,0.159887,0.126266
3.340,0.238626,0.110696,0.162226,0.135541
3.350,0.238482,0.111089,0.163023,0.134000
3.360,0.238002,0.110748,0.163499,0.132846
3.370,0.238754,0.109076,0.161631,0.137774
3.380,0.237001,0.107326,0.163434,0.133941
3.390,0.238475,0.108172,0.164311,0.134800
3.400,0.240533,0.110738,0.162051,0.139043
3.410,0.239481,0.108423,0.162176,0.138905
3.420,0.244709,0.118542,0.162862,0.138947
3.430,0.238311,0.118293,0.155639,0.136292
3.440,0.236186,0.118644,0.152878,0.135409
3.450,0.236595,0.118256,0.153794,0.135427
3.460,0.242822,0.125363,0.151759,0.142182
3.470,0.246873,0.129619,0.149226,0.147908
3.480,0.247558,0.132116,0.147835,0.148240
3.490,0.251286,0.137874,0.148079,0.149025
3.500,0.253032,0.139452,0.151001,0.147571
3.510,0.245559,0.140249,0.141069,0.143976
3.520,0.254059,0.146404,0.152954,0.140418
3.530,0.256288,0.146475,0.156726,0.140235
3.540,0.271129,0.149673,0.175940,0.141966
3.550,0.269745,0.149754,0.173812,0.141865
3.560,0.288404,0.152646,0.199754,0.141330
3.570,0.295947,0.152424,0.199419,0.156793
3.580,0.307387,0.152609,0.210151,0.164419
3.590,0.316515,0.153274,0.222006,0.165536
3.600,0.325981,0.153894,0.234753,0.165744
3.610,0.331959,0.155986,0.241423,0.166073
3.620,0.339691,0.156526,0.251947,0.165568
3.630,0.351762,0.160223,0.264452,0.167720
3.640,0.351282,0.158567,0.264799,0.167740
3.650,0.357736,0.160140,0.270857,0.170196
3.660,0.363626,0.171022,0.272529,0.169422
3.670,0.370719,0.172024,0.281815,0.168585
3.680,0.375362,0.176254,0.284071,0.170690
3.690,0.379102,0.181562,0.283686,0.173999
3.700,0.385256,0.181446,0.290492,0.176392
3.710,0.395960,0.202141,0.290896,0.176926
3.720,0.398224,0.203625,0.292857,0.177069
3.730,0.407859,0.220262,0.292831,0.179119
3.740,0.410525,0.222539,0.291395,0.184651
3.750,0.410882,0.223051,0.291701,0.184346
3.760,0.418457,0.229752,0.293964,0.189488
3.770,0.427904,0.235162,0.298128,0.197283
3.780,0.431647,0.240561,0.298457,0.198427
3.790,0.432747,0.242994,0.298496,0.197797
3.800,0.433335,0.242142,0.296330,0.203309
3.810,0.432816,0.242254,0.296276,0.202145
3.820,0.439411,0.243814,0.296797,0.213421
3.830,0.434856,0.243014,0.291304,0.212570
3.840,0.432026,0.242943,0.290859,0.207426
3.850,0.433353,0.243989,0.292380,0.206829
3.860,0.446729,0.246300,0.306439,0.212129
3.870,0.451486,0.245772,0.310011,0.217552
3.880,0.454516,0.246314,0.314062,0.217439
3.890,0.464452,0.251635,0.319429,0.224413
3.900,0.467025,0.251034,0.325025,0.222380
3.910,0.467880,0.250773,0.325128,0.224314
3.920,0.467086,0.248710,0.325853,0.223904
3.930,0.468531,0.250819,0.325320,0.225339
3.940,0.471061,0.250439,0.329229,0.225360
3.950,0.470975,0.251600,0.327299,0.226694
3.960,0.468647,0.250128,0.327366,0.223377
3.970,0.466285,0.247498,0.327897,0.220566
3.980,0.467457,0.251543,0.326783,0.220123
3.991,0.467490,0.250140,0.328033,0.219935
4.000,0.470548,0.249929,0.330284,0.223300
4.010,0.472131,0.248812,0.331077,0.226689
4.020,0.463542,0.247525,0.319593,0.226853
4.030,0.464997,0.247389,0.319214,0.230484
4.040,0.459823,0.245769,0.312957,0.230418
4.050,0.462497,0.246694,0.313173,0.234453
4.060,0.451296,0.247781,0.292335,0.238355
4.070,0.457544,0.248416,0.292376,0.249304
4.080,0.452128,0.249092,0.288039,0.243733
4.090,0.452070,0.248134,0.282000,0.251542
4.100,0.443555,0.248302,0.268099,0.251417
4.110,0.454410,0.250454,0.260442,0.275557
4.120,0.456655,0.254659,0.255005,0.280454
4.130,0.451700,0.252458,0.248655,0.280122
4.140,0.453456,0.253731,0.249990,0.280621
4.150,0.451168,0.252230,0.248239,0.279841
4.160,0.459240,0.245153,0.244472,0.301720
4.170,0.461133,0.246002,0.239918,0.307515
4.180,0.465227,0.244636,0.249503,0.307143
4.190,0.464093,0.240728,0.252684,0.305913
4.200,0.464127,0.254394,0.240519,0.304710
4.210,0.467387,0.238549,0.254731,0.310898
4.220,0.477257,0.242031,0.254866,0.322859
4.230,0.470843,0.227753,0.254790,0.323889
4.240,0.481136,0.227541,0.263812,0.331843
4.250,0.482286,0.227041,0.265358,0.332622
4.260,0.474895,0.221261,0.262635,0.328012
4.270,0.468339,0.217153,0.259407,0.323874
4.280,0.465249,0.212173,0.258232,0.323660
4.290,0.467496,0.212330,0.259713,0.325604
4.300,0.471020,0.214951,0.266945,0.323104
4.310,0.477930,0.218558,0.267010,0.330689
4.320,0.472822,0.216637,0.265909,0.325456
4.330,0.476824,0.217837,0.272008,0.325453
4.340,0.495683,0.218822,0.288709,0.338328
4.350,0.495169,0.216460,0.288398,0.339358
4.360,0.485725,0.215347,0.276688,0.336152
4.370,0.486099,0.216679,0.273995,0.338037
4.380,0.485927,0.220091,0.267748,0.340581
4.390,0.475468,0.213783,0.261206,0.334870
4.400,0.471668,0.213198,0.254864,0.334756
4.410,0.472510,0.214954,0.255760,0.334137
4.420,0.474057,0.213778,0.254977,0.337662
4.430,0.476110,0.212328,0.259148,0.338289
4.440,0.474546,0.212805,0.255875,0.338284
4.450,0.481502,0.213711,0.257661,0.346097
4.460,0.487495,0.211174,0.262423,0.352407
4.470,0.496911,0.211842,0.276302,0.354542
4.480,0.500308,0.205214,0.284357,0.356843
4.490,0.501149,0.202067,0.283668,0.360349
4.500,0.501587,0.205223,0.281961,0.360516
4.510,0.513710,0.206901,0.291758,0.368738
4.520,0.514707,0.203428,0.294055,0.370232
4.530,0.516103,0.202456,0.293749,0.372942
4.540,0.517623,0.203144,0.293455,0.374901
4.550,0.520659,0.207470,0.297517,0.373531
4.560,0.517813,0.203353,0.298497,0.371049
4.570,0.511134,0.208424,0.299463,0.357965
4.580,0.512467,0.207211,0.299788,0.360296
4.590,0.511410,0.207679,0.303620,0.355281
4.600,0.520402,0.210266,0.306262,0.364432
4.610,0.505064,0.207077,0.303318,0.346709
4.620,0.502095,0.202206,0.305740,0.343125
4.630,0.517219,0.205740,0.304849,0.363668
4.640,0.515327,0.203965,0.302438,0.363993
4.650,0.514295,0.205491,0.291564,0.370491
4.660,0.501929,0.207259,0.291761,0.351925
4.670,0.509596,0.208981,0.293215,0.360611
4.680,0.506829,0.209684,0.288243,0.360311
4.690,0.508626,0.209430,0.289018,0.362365
4.700,0.504196,0.196356,0.290050,0.362669
4.710,0.490116,0.195778,0.272669,0.357123
4.720,0.482334,0.189854,0.275921,0.347086
4.730,0.485926,0.190393,0.284558,0.344821
4.740,0.488490,0.231333,0.271202,0.334002
4.750,0.490093,0.231455,0.273210,0.334628
4.760,0.523526,0.295758,0.273179,0.334634
4.770,0.554357,0.342172,0.279049,0.335204
4.780,0.580181,0.382481,0.278776,0.335562
4.790,0.651694,0.465764,0.310837,0.333389
4.800,0.661627,0.482615,0.307280,0.332282
4.810,0.655991,0.479837,0.304719,0.327456
4.820,0.664844,0.489173,0.304756,0.331437
4.830,0.674488,0.493020,0.320318,0.330549
4.840,0.663499,0.492365,0.312697,0.316272
4.850,0.666724,0.493061,0.319884,0.314780
4.860,0.675177,0.502842,0.319732,0.317467
4.870,0.687760,0.502011,0.315687,0.348340
4.880,0.712031,0.529621,0.324087,0.348508
4.890,0.817823,0.602334,0.396300,0.385972
4.900,0.866494,0.640574,0.410730,0.414461
4.910,0.877157,0.651194,0.417292,0.413786
4.920,0.934772,0.693456,0.447907,0.438518
4.930,0.995103,0.763986,0.463515,0.437847
4.940,1.007990,0.767244,0.473218,0.451049
4.950,1.006836,0.771299,0.468868,0.446073
4.960,1.042793,0.809743,0.485615,0.442621
4.970,1.063159,0.826251,0.497391,0.447458
4.980,1.069652,0.832161,0.496977,0.452412
4.991,1.067114,0.832106,0.493183,0.450670
5.000,1.066944,0.830123,0.493850,0.453187
5.010,1.068670,0.828783,0.501048,0.451801
5.020,1.071054,0.829012,0.505684,0.451862
5.030,1.071967,0.828180,0.507829,0.453146
5.040,1.076401,0.826151,0.520168,0.453362
5.050,1.070435,0.823108,0.514238,0.451535
5.060,1.073012,0.822547,0.519458,0.452698
5.070,1.079011,0.822959,0.532020,0.451616
5.080,1.088650,0.825878,0.537877,0.462355
5.090,1.094235,0.828097,0.540169,0.468852
5.100,1.098437,0.828644,0.545892,0.471078
5.110,1.097016,0.825979,0.547776,0.470260
5.120,1.101024,0.824493,0.552717,0.476413
5.130,1.099442,0.822768,0.555366,0.472646
5.140,1.115949,0.825938,0.558024,0.501776
5.150,1.113503,0.827402,0.558282,0.493575
5.160,1.113169,0.827386,0.557923,0.493254
5.170,1.112184,0.827484,0.557818,0.490981
5.180,1.110518,0.827847,0.555805,0.488875
5.190,1.125822,0.830898,0.579100,0.491659
5.200,1.128497,0.831322,0.580658,0.495223
5.210,1.133515,0.829873,0.580611,0.508978
5.220,1.134941,0.827780,0.586446,0.508874
5.230,1.138699,0.828745,0.575063,0.528318
5.240,1.145844,0.824603,0.576812,0.547974
5.250,1.142394,0.825203,0.571667,0.545254
5.260,1.124644,0.797269,0.570544,0.551058
5.270,1.125292,0.790667,0.577595,0.554538
5.280,1.112963,0.779169,0.573869,0.549778
5.290,1.080191,0.739489,0.564854,0.548551
5.300,1.072307,0.730113,0.565875,0.544577
5.310,1.067805,0.731270,0.563627,0.536448
5.320,1.062030,0.726043,0.559201,0.536716
5.330,1.049050,0.723738,0.540252,0.533702
5.340,1.047841,0.724612,0.539293,0.531103
5.350,1.046092,0.724832,0.538880,0.527764
5.360,1.045103,0.721451,0.537989,0.531334
5.370,1.057983,0.729953,0.543364,0.539679
5.380,1.044235,0.709561,0.543674,0.539786
5.390,0.957294,0.644795,0.511069,0.489347
5.400,0.903000,0.601808,0.506257,0.443779
5.410,0.888566,0.585020,0.504534,0.439029
5.420,0.837683,0.543708,0.466399,0.434242
5.430,0.760853,0.447658,0.444588,0.425254
5.440,0.757014,0.442764,0.444495,0.423621
5.450,0.745813,0.434577,0.446455,0.409948
5.460,0.697244,0.351633,0.440657,0.410275
5.470,0.673759,0.299121,0.442678,0.410504
5.480,0.644808,0.268978,0.443256,0.383344
5.490,0.642010,0.275212,0.448404,0.367925
5.500,0.645174,0.281848,0.448385,0.368460
5.510,0.645843,0.289286,0.444537,0.368530
5.520,0.645055,0.289899,0.444342,0.366898
5.530,0.642609,0.288324,0.441058,0.367809
5.540,0.632164,0.287363,0.426582,0.367535
5.550,0.624591,0.287873,0.419125,0.362736
5.560,0.622995,0.287947,0.418110,0.361099
5.570,0.613625,0.280721,0.411307,0.358550
5.580,0.603703,0.254650,0.408445,0.364394
5.590,0.596765,0.229450,0.408178,0.369962
5.600,0.592913,0.223698,0.406032,0.369653
5.610,0.584526,0.219049,0.401549,0.363932
5.620,0.576205,0.218786,0.388489,0.364995
5.630,0.563524,0.219102,0.373449,0.360680
5.640,0.552730,0.221445,0.372779,0.342796
5.650,0.553124,0.221828,0.373093,0.342842
5.661,0.547840,0.213310,0.368824,0.344379
5.670,0.535082,0.209453,0.364365,0.331180
5.680,0.537067,0.220765,0.363636,0.327832
5.691,0.523228,0.224112,0.340145,0.328395
5.700,0.513936,0.221366,0.340937,0.314467
5.710,0.519025,0.223598,0.345681,0.316063
5.720,0.501879,0.216951,0.327839,0.311989
5.730,0.491870,0.215729,0.325138,0.299470
5.740,0.487542,0.215160,0.324925,0.292962
5.750,0.490327,0.214753,0.327155,0.295417
5.760,0.491953,0.223679,0.328073,0.290437
5.770,0.484833,0.226025,0.322308,0.283007
5.780,0.482673,0.225349,0.322869,0.279189
5.790,0.482530,0.223875,0.323450,0.279455
5.800,0.472140,0.219390,0.312124,0.278141
5.810,0.467895,0.218836,0.307273,0.276803
5.820,0.469792,0.218922,0.307168,0.280046
5.830,0.472934,0.219608,0.306993,0.284947
5.840,0.475882,0.222135,0.309995,0.284644
5.850,0.475794,0.220724,0.311170,0.284313
5.860,0.483352,0.219081,0.308441,0.300828
5.870,0.461776,0.213590,0.297862,0.280881
5.880,0.461231,0.212341,0.297685,0.281121
5.890,0.458208,0.205912,0.297726,0.280917
5.900,0.455780,0.183724,0.297970,0.291881
5.910,0.450023,0.178792,0.296199,0.287785
5.920,0.443100,0.177482,0.292631,0.281433
5.930,0.426250,0.174254,0.275978,0.274154
5.940,0.428670,0.166724,0.274658,0.283767
5.950,0.419103,0.156622,0.268664,0.280956
5.960,0.414052,0.155014,0.259181,0.283258
5.970,0.423534,0.155037,0.253338,0.301934
5.980,0.428153,0.154759,0.255821,0.306464
5.991,0.410780,0.158275,0.227417,0.303266
6.000,0.416395,0.158238,0.231558,0.307777
6.010,0.427492,0.158112,0.230761,0.323264
6.020,0.426284,0.155912,0.231138,0.322466
6.030,0.419122,0.156268,0.224862,0.317303
6.040,0.422495,0.155991,0.208137,0.332938
6.050,0.425264,0.142165,0.220006,0.335016
6.060,0.424523,0.140518,0.220123,0.334695
6.070,0.430999,0.141409,0.217542,0.344150
6.080,0.436072,0.143862,0.215163,0.350952
6.090,0.448836,0.146412,0.217508,0.364291
6.100,0.448954,0.143891,0.217678,0.365338
6.110,0.451355,0.147701,0.215743,0.367914
6.120,0.478681,0.148605,0.214047,0.401542
6.130,0.480592,0.146941,0.219423,0.401536
6.140,0.475570,0.147004,0.218863,0.395797
6.150,0.485522,0.146400,0.217461,0.408667
6.160,0.486860,0.142165,0.223094,0.408718
6.170,0.490077,0.142164,0.223130,0.412527
6.180,0.496510,0.143262,0.225662,0.418420
6.190,0.499654,0.144660,0.225131,0.421952
6.200,0.505713,0.144367,0.228689,0.427324
6.210,0.506079,0.145148,0.226834,0.428479
6.220,0.505481,0.146367,0.224768,0.428447
6.230,0.516103,0.142149,0.231741,0.438693
6.240,0.521253,0.139180,0.232893,0.445078
6.250,0.519792,0.141501,0.228561,0.444884
6.260,0.531870,0.139999,0.228532,0.459412
6.270,0.532737,0.146692,0.228429,0.458378
6.280,0.540881,0.146359,0.229501,0.467398
6.290,0.548038,0.147060,0.228254,0.476045
6.300,0.550447,0.147394,0.227917,0.478875
6.310,0.548650,0.145636,0.229741,0.476473
6.320,0.550327,0.142629,0.229687,0.479333
6.330,0.539181,0.143084,0.229742,0.466328
6.340,0.596920,0.164402,0.226254,0.527346
6.350,0.643778,0.168067,0.234191,0.575637
6.360,0.693794,0.170326,0.233085,0.630881
6.370,0.715558,0.170264,0.229563,0.655998
6.380,0.782096,0.178339,0.230172,0.725872
6.390,0.835006,0.188779,0.229214,0.780421
6.400,0.921674,0.195544,0.230443,0.870713
6.410,0.986758,0.197275,0.238025,0.937080
6.420,1.037024,0.195485,0.227493,0.992699
6.430,1.094710,0.194642,0.225514,1.053398
6.440,1.135046,0.195102,0.226329,1.095007
6.450,1.201561,0.196994,0.226574,1.163446
6.460,1.265099,0.202559,0.226696,1.228028
6.470,1.305341,0.207237,0.223145,1.269321
6.480,1.350392,0.208928,0.216648,1.316424
6.490,1.397163,0.207312,0.216165,1.364683
6.500,1.425289,0.206618,0.213564,1.393969
6.510,1.432137,0.205636,0.213204,1.401169
6.520,1.451492,0.205568,0.219027,1.420069
6.530,1.486243,0.205224,0.221050,1.455314
6.540,1.488619,0.203595,0.224957,1.457371
6.550,1.499876,0.207684,0.213728,1.469971
6.560,1.522579,0.213427,0.213780,1.492312
6.570,1.528066,0.213845,0.216195,1.497504
6.580,1.514701,0.209885,0.218093,1.484150
6.590,1.503165,0.210596,0.216864,1.472455
6.600,1.506722,0.209201,0.216950,1.476272
6.610,1.492580,0.202890,0.219363,1.462365
6.620,1.469855,0.205518,0.218831,1.438870
6.630,1.458719,0.204407,0.212238,1.428647
6.640,1.452749,0.206000,0.212510,1.422281
6.650,1.422202,0.204094,0.212358,1.391369
6.660,1.405821,0.203393,0.200189,1.376550
6.670,1.381985,0.202205,0.200946,1.352264
6.680,1.349624,0.192503,0.199859,1.320789
6.690,1.320689,0.187720,0.201908,1.291594
6.700,1.284410,0.185110,0.195604,1.255859
6.710,1.270262,0.186903,0.194021,1.241366
6.720,1.240335,0.182133,0.199425,1.210573
6.730,1.182900,0.178410,0.188402,1.154092
6.740,1.140201,0.179312,0.192398,1.109454
6.750,1.111113,0.170096,0.192460,1.081018
6.760,1.033281,0.159816,0.187364,1.003506
6.771,0.988755,0.159205,0.197531,0.955652
6.780,0.969421,0.158399,0.197481,0.935782
6.791,0.893552,0.147005,0.202483,0.857802
6.800,0.800631,0.146925,0.201616,0.760772
6.810,0.769567,0.146862,0.202331,0.727824
6.820,0.736095,0.142496,0.212886,0.690079
6.830,0.688629,0.140505,0.218113,0.637883
6.840,0.699345,0.132477,0.221030,0.650137
6.851,0.696623,0.132436,0.215144,0.649198
6.860,0.697766,0.132440,0.220305,0.648694
6.870,0.707498,0.129903,0.232963,0.655292
6.880,0.710168,0.128470,0.237396,0.656870
6.890,0.727986,0.124021,0.237422,0.676914
6.900,0.719893,0.123602,0.237081,0.668402
6.911,0.717694,0.123744,0.238816,0.665386
6.920,0.723760,0.126587,0.238786,0.671405
6.931,0.720187,0.124633,0.242607,0.666542
6.940,0.722514,0.126446,0.242819,0.668638
6.951,0.707332,0.129266,0.243582,0.651365
6.960,0.692440,0.129016,0.250416,0.632550
6.970,0.679773,0.131758,0.256666,0.615511
6.980,0.674568,0.131749,0.255435,0.610276
6.991,0.648431,0.132969,0.254150,0.581541
7.000,0.638330,0.130601,0.253889,0.570919
7.011,0.632890,0.126538,0.252839,0.566225
7.020,0.645708,0.139212,0.255932,0.576244
7.031,0.612061,0.139602,0.255289,0.538478
7.041,0.602191,0.140892,0.252930,0.528024
7.051,0.586154,0.140253,0.249418,0.511563
7.061,0.549355,0.136775,0.251924,0.468634
7.071,0.554792,0.140048,0.251771,0.474122
7.081,0.553521,0.137289,0.249743,0.474516
7.091,0.552321,0.137594,0.255440,0.469975
7.101,0.553959,0.137698,0.256438,0.471327
7.111,0.557324,0.137700,0.254442,0.476348
7.121,0.535181,0.132398,0.257170,0.450281
7.131,0.541529,0.132218,0.258656,0.457023
7.140,0.544183,0.125800,0.259681,0.461384
7.151,0.543962,0.126186,0.264296,0.458387
7.160,0.544435,0.127637,0.263978,0.458730
7.171,0.545153,0.129552,0.271972,0.454357
7.180,0.547700,0.128777,0.271785,0.457739
7.191,0.547904,0.128838,0.269904,0.459077
7.201,0.549074,0.128534,0.272427,0.459069
7.211,0.552192,0.128032,0.272465,0.462911
7.221,0.566499,0.137641,0.269058,0.479148
7.231,0.563851,0.136027,0.269840,0.476036
7.240,0.557171,0.135883,0.270341,0.467858
7.251,0.563933,0.135800,0.271192,0.475430
7.261,0.564784,0.132535,0.273159,0.476235
7.271,0.565944,0.134668,0.265592,0.481267
7.281,0.576896,0.136535,0.273564,0.489214
7.291,0.576980,0.136614,0.273032,0.489587
7.301,0.592416,0.143603,0.272314,0.506142
7.311,0.580416,0.142899,0.276087,0.490141
7.321,0.588044,0.143487,0.266674,0.504076
7.331,0.589491,0.145690,0.265392,0.505807
7.341,0.587681,0.155375,0.264865,0.501073
7.351,0.588124,0.155277,0.263854,0.502156
7.361,0.577238,0.154966,0.262140,0.490379
7.368,0.584571,0.154814,0.253118,0.503674
7.381,0.583623,0.154791,0.251447,0.503418
7.388,0.589629,0.155085,0.271395,0.499956
7.400,0.586320,0.153555,0.274095,0.495040
7.410,0.583240,0.153302,0.267874,0.494884
7.420,0.586735,0.150403,0.270301,0.498572
7.430,0.591737,0.158618,0.276257,0.498674
7.440,0.604235,0.155611,0.276031,0.514483
7.450,0.603587,0.153556,0.276953,0.513843
7.460,0.605301,0.153270,0.278385,0.515169
7.470,0.607291,0.153319,0.279049,0.517135
7.480,0.592657,0.153750,0.278963,0.499783
7.490,0.612912,0.153358,0.278058,0.524239
7.500,0.615622,0.156521,0.283225,0.523713
7.510,0.618982,0.160271,0.286832,0.524575
7.520,0.600072,0.157981,0.283282,0.504856
7.530,0.601055,0.158360,0.282418,0.506389
7.540,0.618378,0.160125,0.284667,0.525086
7.550,0.621134,0.157656,0.293344,0.524310
7.560,0.632345,0.155869,0.294532,0.537416
7.570,0.630615,0.156246,0.295709,0.534619
7.580,0.632656,0.163110,0.296383,0.534608
7.590,0.625634,0.163110,0.290076,0.529782
7.600,0.632484,0.163603,0.298779,0.532918
7.610,0.633466,0.163573,0.301788,0.532397
7.620,0.632829,0.163136,0.300333,0.532597
7.630,0.622786,0.165294,0.298413,0.521047
7.640,0.621977,0.165459,0.299224,0.519561
7.650,0.628670,0.165799,0.293675,0.530558
7.660,0.642538,0.165736,0.294856,0.546303
7.670,0.646657,0.168191,0.301245,0.546926
7.680,0.635237,0.171886,0.303469,0.530931
7.690,0.639798,0.170929,0.310233,0.532805
7.700,0.642389,0.170651,0.308957,0.536738
7.710,0.651023,0.172775,0.310585,0.545452
7.720,0.637347,0.168593,0.319119,0.525311
7.730,0.638248,0.170140,0.318744,0.526133
7.740,0.649988,0.174385,0.316936,0.540024
7.750,0.651417,0.173937,0.320583,0.539738
7.760,0.650948,0.176101,0.321657,0.537827
7.770,0.646088,0.176626,0.321456,0.531882
7.780,0.643827,0.179415,0.320526,0.528759
7.790,0.746823,0.193355,0.315467,0.648722
7.800,0.751859,0.185503,0.340378,0.644223
7.810,0.840015,0.189725,0.345562,0.741765
7.820,0.881229,0.192103,0.348739,0.786157
7.830,0.991742,0.210582,0.351150,0.903272
7.840,1.029615,0.208468,0.348723,0.946066
7.850,1.091140,0.211753,0.349016,1.011897
7.860,1.133049,0.211416,0.356825,1.054409
7.870,1.201500,0.211434,0.367707,1.124140
7.880,1.295049,0.227037,0.362711,1.222312
7.890,1.325608,0.223950,0.364239,1.254756
7.900,1.360445,0.229661,0.363714,1.290651
7.910,1.415331,0.235693,0.365202,1.346937
7.920,1.458769,0.234744,0.364583,1.392833
7.930,1.483496,0.233849,0.356265,1.420968
7.940,1.503691,0.239699,0.378321,1.435446
7.950,1.548851,0.241218,0.389393,1.479570
7.960,1.555173,0.242461,0.386635,1.486705
7.970,1.596463,0.243279,0.387137,1.529586
7.980,1.608470,0.239444,0.396594,1.540310
7.990,1.583601,0.235206,0.399574,1.514203
8.000,1.628938,0.247233,0.388127,1.562585
8.010,1.623281,0.248612,0.390435,1.555890
8.020,1.635773,0.248541,0.397953,1.567040
8.030,1.658545,0.255953,0.397959,1.589618
8.040,1.623303,0.246277,0.406773,1.552094
8.050,1.636696,0.257432,0.396356,1.566973
8.060,1.607667,0.253451,0.396063,1.537364
8.070,1.607823,0.254257,0.397291,1.537077
8.080,1.615860,0.260766,0.405043,1.542383
8.090,1.592569,0.269311,0.413112,1.514294
8.100,1.587613,0.270217,0.402711,1.511728
8.110,1.550601,0.269487,0.405154,1.472274
8.120,1.528657,0.266504,0.406354,1.449361
8.130,1.510759,0.266502,0.412251,1.428783
8.140,1.482384,0.266654,0.412196,1.398732
8.150,1.470476,0.262868,0.413381,1.386477
8.160,1.404248,0.259225,0.413349,1.316761
8.170,1.380905,0.263331,0.398637,1.295625
8.180,1.363088,0.274990,0.400845,1.273464
8.190,1.355053,0.275588,0.399048,1.265299
8.200,1.331999,0.272984,0.393855,1.242811
8.210,1.270556,0.271025,0.394312,1.177020
8.220,1.264391,0.276165,0.381169,1.173511
8.230,1.228984,0.276371,0.392932,1.131206
8.240,1.249590,0.275778,0.393185,1.153615
8.250,1.224328,0.275760,0.386732,1.128439
8.260,1.226957,0.280277,0.386664,1.130203
8.270,1.254404,0.284346,0.392284,1.157061
8.280,1.292627,0.284014,0.392737,1.198323
8.290,1.331555,0.281398,0.392102,1.241012
8.300,1.387406,0.282838,0.379757,1.304102
8.310,1.419365,0.283215,0.363844,1.342387
8.320,1.494693,0.285267,0.366433,1.420724
8.330,1.546454,0.282191,0.370594,1.474635
8.340,1.586837,0.280309,0.376447,1.515839
8.350,1.663903,0.284921,0.376861,1.595421
8.360,1.694023,0.285732,0.369965,1.628250
8.370,1.707034,0.285998,0.361576,1.643604
8.380,1.710662,0.281451,0.360961,1.648289
8.390,1.717411,0.284160,0.352940,1.656559
8.400,1.751312,0.283398,0.353381,1.691716
8.410,1.759768,0.278139,0.349589,1.702119
8.420,1.749890,0.277959,0.357153,1.690354
8.430,1.753415,0.277594,0.353451,1.694839
8.440,1.731694,0.272159,0.331398,1.677757
8.450,1.718253,0.276520,0.313913,1.666550
8.460,1.721572,0.282949,0.314267,1.668828
8.470,1.682767,0.276587,0.318041,1.629127
8.480,1.673036,0.278158,0.306468,1.621035
8.490,1.662137,0.277921,0.301586,1.610747
8.500,1.599891,0.263579,0.302101,1.548843
8.510,1.584372,0.263598,0.301000,1.533020
8.520,1.563242,0.266676,0.290100,1.512762
8.530,1.510426,0.262159,0.294667,1.458023
8.540,1.499607,0.262984,0.283074,1.448975
8.550,1.430544,0.242462,0.281258,1.381507
8.560,1.390951,0.241173,0.282850,1.340364
8.570,1.354853,0.237303,0.287256,1.302612
8.580,1.270006,0.221757,0.282109,1.218259
8.590,1.229513,0.216323,0.276897,1.178234
8.600,1.172172,0.208877,0.278150,1.119371
8.610,1.099789,0.211568,0.272534,1.044270
8.620,1.051510,0.211021,0.280851,0.991094
8.630,0.985264,0.209420,0.290741,0.917801
8.640,0.963912,0.216284,0.293241,0.892389
8.650,0.942325,0.216832,0.295098,0.868261
8.660,0.939350,0.213901,0.294798,0.865863
8.670,0.854423,0.197016,0.310350,0.771302
8.680,0.885562,0.194927,0.310434,0.806135
8.690,0.925493,0.194339,0.318752,0.846857
8.700,0.916946,0.190493,0.341752,0.829282
8.710,1.016689,0.198695,0.342345,0.936471
8.720,1.084869,0.197569,0.342891,1.010115
8.730,1.129030,0.199921,0.333665,1.059909
8.740,1.195016,0.196441,0.358831,1.122816
8.750,1.228491,0.191176,0.358145,1.159471
8.760,1.297262,0.194100,0.358448,1.231556
8.770,1.336945,0.202391,0.377328,1.266524
8.780,1.353117,0.201127,0.377795,1.283645
8.790,1.432795,0.220250,0.376696,1.364731
8.800,1.438327,0.223838,0.376379,1.370044
8.810,1.466093,0.227204,0.378453,1.398063
8.820,1.459302,0.227045,0.376302,1.391550
8.830,1.442703,0.228415,0.371716,1.375153
8.840,1.476867,0.229206,0.378274,1.409081
8.850,1.439893,0.232581,0.378206,1.369729
8.860,1.428638,0.234714,0.377598,1.357695
8.870,1.434775,0.234660,0.400110,1.357728
8.880,1.421355,0.233603,0.412444,1.339989
8.890,1.414148,0.238358,0.413429,1.331193
8.900,1.376982,0.238734,0.414295,1.291296
8.910,1.347333,0.242780,0.420540,1.256786
8.920,1.342332,0.242707,0.445234,1.242865
8.930,1.319802,0.243925,0.449164,1.216811
8.940,1.316217,0.244376,0.448655,1.213019
8.950,1.292553,0.240847,0.465134,1.181667
8.960,1.259527,0.234716,0.465911,1.146405
8.970,1.238097,0.235381,0.468529,1.121589
8.980,1.221825,0.235675,0.472395,1.101887
8.990,1.217824,0.232848,0.472420,1.098043
9.000,1.228875,0.233993,0.476296,1.108387
9.010,1.230781,0.234161,0.473788,1.111537
9.020,1.223625,0.237067,0.474210,1.102806
9.030,1.228065,0.241602,0.467750,1.109496
9.040,1.285702,0.247695,0.468578,1.171371
9.050,1.299645,0.248188,0.466446,1.187396
9.060,1.313862,0.253151,0.466795,1.201769
9.070,1.332557,0.253209,0.460416,1.224586
9.080,1.345547,0.253186,0.455296,1.240604
9.090,1.382723,0.254923,0.453168,1.281240
9.100,1.435264,0.260849,0.452335,1.336912
9.110,1.448950,0.259313,0.452372,1.351878
9.120,1.454791,0.260148,0.435624,1.363441
9.130,1.478237,0.263343,0.436468,1.387564
9.140,1.515971,0.251603,0.434024,1.430555
9.150,1.540851,0.251823,0.437906,1.455694
9.160,1.551898,0.251570,0.438943,1.467115
9.170,1.572809,0.254395,0.433671,1.490282
9.180,1.584249,0.260931,0.432384,1.501600
9.190,1.587589,0.264281,0.421652,1.507582
9.200,1.604222,0.264764,0.412002,1.527640
9.210,1.577826,0.256712,0.412521,1.501153
9.220,1.555311,0.256460,0.411133,1.477901
9.230,1.558985,0.252020,0.413429,1.481889
9.240,1.541300,0.254828,0.397522,1.467189
9.250,1.521688,0.254499,0.397882,1.446532
9.260,1.480889,0.246399,0.397549,1.405089
9.270,1.453908,0.249650,0.379778,1.381047
9.280,1.432310,0.248211,0.380548,1.358339
9.290,1.356169,0.225426,0.381044,1.281867
9.300,1.330783,0.224462,0.383276,1.254472
9.310,1.290136,0.220715,0.382450,1.212216
9.320,1.267520,0.219342,0.384043,1.187858
9.330,1.253825,0.219980,0.383988,1.173133
9.340,1.171024,0.218806,0.371580,1.088738
9.350,1.139927,0.224447,0.370999,1.054238
9.360,1.117282,0.219787,0.371412,1.030566
9.370,1.053325,0.218218,0.346916,0.970322
9.380,1.031726,0.224760,0.333753,0.950027
9.390,1.011886,0.220112,0.330799,0.930611
9.400,0.983304,0.221569,0.331807,0.898721
9.410,0.956733,0.222093,0.324296,0.872264
9.420,0.900133,0.217217,0.275846,0.828834
9.430,0.869021,0.217326,0.277553,0.794312
9.440,0.844363,0.223146,0.277648,0.765550
9.450,0.805700,0.221757,0.240223,0.736389
9.460,0.780199,0.220086,0.240401,0.708859
9.470,0.753016,0.214028,0.225093,0.685973
9.480,0.747731,0.216862,0.213589,0.682973
9.490,0.748522,0.217266,0.222678,0.680804
9.500,0.772710,0.219246,0.218315,0.708061
9.510,0.769838,0.215306,0.218711,0.706017
9.520,0.810086,0.224588,0.208639,0.749847
9.530,0.831733,0.234075,0.226208,0.765388
9.540,0.817527,0.232716,0.233731,0.748040
9.550,0.859197,0.231715,0.243554,0.790701
9.560,0.864579,0.216651,0.244334,0.800538
9.570,0.883155,0.211109,0.261562,0.816689
9.580,0.899172,0.210547,0.294878,0.822938
9.590,0.919713,0.212587,0.294900,0.844815
9.600,0.890574,0.211471,0.293323,0.813857
9.610,0.909196,0.211085,0.301094,0.831519
9.620,0.918885,0.212888,0.306920,0.839541
9.630,0.903558,0.213577,0.308930,0.821805
9.640,0.914257,0.215566,0.306348,0.833995
9.650,0.904414,0.225344,0.303186,0.821744
9.660,0.904042,0.223073,0.306336,0.820785
9.670,0.891410,0.228540,0.308704,0.804415
9.680,0.886077,0.225423,0.311170,0.798430
9.690,0.903578,0.235340,0.309878,0.815502
9.700,0.896509,0.238048,0.311138,0.806384
9.710,0.897612,0.235930,0.310988,0.808289
9.720,0.899791,0.235460,0.317363,0.808371
9.730,0.884031,0.234356,0.314236,0.792366
9.740,0.869750,0.233737,0.315274,0.776167
9.750,0.868171,0.231925,0.314244,0.775360
9.760,0.876399,0.232172,0.317418,0.783210
9.770,0.879602,0.234608,0.318610,0.785587
9.780,0.880927,0.235261,0.319778,0.786401
9.790,0.869827,0.236673,0.319414,0.773667
9.800,0.869883,0.239972,0.315851,0.774176
9.810,0.865447,0.242858,0.315154,0.768568
9.820,0.850071,0.242920,0.312513,0.752294
9.830,0.862467,0.243354,0.313537,0.765717
9.840,0.857539,0.244367,0.319338,0.757418
9.850,0.860254,0.242952,0.319311,0.760955
9.860,0.860752,0.245986,0.317511,0.761295
9.870,0.858919,0.246435,0.322038,0.757167
9.880,0.853104,0.239973,0.327120,0.750461
9.890,0.832407,0.233349,0.326660,0.729206
9.900,0.827414,0.232397,0.324183,0.724921
9.910,0.842789,0.234520,0.329117,0.739578
9.920,0.863954,0.240950,0.325844,0.763010
9.930,0.867061,0.242363,0.318645,0.769103
9.940,0.837306,0.237723,0.322493,0.735233
9.950,0.839484,0.237675,0.325144,0.736564
9.960,0.834072,0.238130,0.326783,0.729509
9.970,0.840360,0.238406,0.330967,0.734730
9.980,0.835551,0.237154,0.324620,0.732479
9.990,0.847451,0.237159,0.329188,0.744019
10.000,0.845022,0.234844,0.328648,0.742227
10.010,0.843713,0.241588,0.328769,0.738510
10.020,0.866911,0.236146,0.328233,0.766833
10.030,0.867391,0.240432,0.321280,0.768985
10.040,0.879122,0.247628,0.312060,0.783680
10.050,0.865871,0.245703,0.310108,0.770192
10.060,0.876534,0.245289,0.314932,0.780361
10.070,0.866624,0.244892,0.301546,0.774683
10.080,0.900378,0.257222,0.278277,0.816749
10.090,0.891415,0.259026,0.281584,0.805131
10.100,0.919673,0.260927,0.283380,0.835111
10.110,0.912524,0.261732,0.292438,0.823818
10.120,0.919500,0.259288,0.308822,0.826365
10.130,0.920088,0.259360,0.313092,0.825390
10.140,0.929351,0.262917,0.312868,0.834675
10.150,0.923165,0.245888,0.314822,0.832262
10.160,0.936271,0.247977,0.310200,0.847873
10.170,0.935997,0.248794,0.311815,0.846736
10.180,0.939952,0.249917,0.316513,0.849041
10.190,0.907845,0.237631,0.321470,0.815090
10.200,0.912315,0.237067,0.321445,0.820238
10.210,0.913956,0.236091,0.322058,0.822104
10.220,0.941673,0.250609,0.315475,0.851128
10.230,0.942208,0.260640,0.326378,0.844571
10.240,0.951325,0.260701,0.343218,0.848089
10.250,0.957758,0.262997,0.360071,0.847633
10.260,0.943431,0.262179,0.370341,0.827147
10.270,0.963901,0.262397,0.377638,0.847137
10.280,0.980946,0.264930,0.376740,0.866102
10.290,0.990123,0.260816,0.377366,0.877447
10.300,0.988519,0.262251,0.381993,0.873199
10.310,0.989840,0.260726,0.388435,0.872309
10.320,0.991224,0.260288,0.390677,0.873010
10.330,0.972532,0.261222,0.388179,0.852584
10.340,0.977353,0.261324,0.386044,0.859011
10.350,0.979425,0.261870,0.387014,0.860766
10.360,0.962471,0.256110,0.390967,0.841370
10.370,0.969634,0.264659,0.385762,0.849313
10.380,0.979600,0.271132,0.382447,0.860139
10.390,0.989477,0.277401,0.382732,0.869270
10.400,0.988968,0.277924,0.379093,0.870118
10.410,0.971040,0.271341,0.392402,0.845762
10.420,0.968660,0.269308,0.398343,0.840892
10.430,0.974971,0.270313,0.399241,0.847411
10.440,0.991400,0.272599,0.395300,0.867353
10.450,0.995352,0.275619,0.394842,0.871125
10.460,0.994714,0.273153,0.395450,0.870897
10.470,0.994708,0.273163,0.397220,0.870082
10.480,0.995761,0.274448,0.397273,0.870857
10.490,0.991742,0.274843,0.394955,0.867193
10.500,0.994638,0.274227,0.397151,0.869698
10.510,0.997804,0.272767,0.397504,0.873614
10.520,0.987027,0.275302,0.398371,0.860077
10.530,1.013711,0.273131,0.398504,0.891181
10.540,1.008934,0.270910,0.398022,0.886642
10.550,1.013597,0.271990,0.396653,0.892226
10.560,1.008474,0.273144,0.394815,0.886867
10.570,1.015579,0.272476,0.392818,0.896020
10.580,0.987739,0.266475,0.398294,0.863702
10.590,0.977963,0.261308,0.400349,0.853142
10.600,0.987307,0.264574,0.400477,0.862783
10.610,0.989655,0.266063,0.390450,0.869584
10.620,0.986682,0.266187,0.374672,0.873102
10.630,1.003146,0.266187,0.369011,0.894022
10.640,0.977204,0.268967,0.369070,0.863928
10.650,0.976063,0.267258,0.368097,0.863584
10.661,0.964744,0.266750,0.367426,0.851219
10.670,0.973034,0.262622,0.375499,0.858386
10.680,0.972835,0.262440,0.369505,0.860813
10.690,0.971382,0.262152,0.365740,0.860868
10.700,0.977763,0.261571,0.365916,0.868163
10.710,0.977230,0.260136,0.366810,0.867617
10.720,0.960729,0.260075,0.370175,0.847544
10.730,0.965088,0.247088,0.362018,0.859817
10.740,0.963537,0.248522,0.349187,0.862965
10.750,0.963460,0.258324,0.331835,0.866838
10.760,0.957712,0.258464,0.316305,0.866233
10.770,0.941119,0.253274,0.308326,0.852346
10.780,0.909880,0.250837,0.308574,0.818380
10.790,0.905506,0.250559,0.316835,0.810417
10.800,0.896693,0.251118,0.316663,0.800452
10.810,0.922474,0.252262,0.307456,0.832342
10.820,0.920297,0.251308,0.306859,0.830438
10.830,0.920522,0.250360,0.307643,0.830684
10.840,0.917535,0.252258,0.306395,0.827260
10.850,0.927170,0.255278,0.326150,0.829520
10.860,0.937146,0.254210,0.342548,0.834434
10.870,0.918925,0.250068,0.343195,0.814927
10.880,0.923276,0.242450,0.345748,0.821045
10.890,0.901955,0.243202,0.349217,0.795250
10.900,0.905269,0.243177,0.345253,0.800736
10.910,0.912373,0.250248,0.329739,0.813064
10.920,0.918723,0.256193,0.325869,0.819894
10.930,0.878848,0.255947,0.329030,0.773695
10.940,0.867368,0.254794,0.328839,0.761099
10.950,0.850977,0.253317,0.330210,0.742262
10.960,0.856888,0.254152,0.339701,0.744492
10.970,0.860375,0.254595,0.341703,0.747440
10.980,0.880275,0.255650,0.341468,0.770017
10.990,0.886592,0.255344,0.336505,0.779493
11.000,0.888549,0.253758,0.337276,0.781902
11.010,0.895008,0.253399,0.346830,0.785199
11.020,0.865387,0.254253,0.346226,0.751250
11.030,0.847274,0.229993,0.354870,0.734196
11.040,0.837333,0.229794,0.356673,0.721876
11.050,0.848502,0.229585,0.358018,0.734213
11.060,0.883014,0.230604,0.361250,0.772032
11.070,0.900230,0.243357,0.371755,0.782937
11.080,0.905317,0.243198,0.385302,0.782301
11.090,0.910529,0.251859,0.397625,0.779439
11.100,0.904377,0.246153,0.403614,0.770975
11.110,0.887280,0.245869,0.403785,0.750847
11.120,0.889450,0.245864,0.410124,0.749981
11.130,0.896411,0.247675,0.407780,0.758897
11.140,0.905112,0.255964,0.408112,0.766260
11.150,0.911532,0.257504,0.408539,0.773097
11.160,0.914456,0.255835,0.415358,0.773470
11.170,0.919078,0.256092,0.409671,0.781851
11.180,0.925693,0.261115,0.409693,0.787958
11.190,0.931734,0.263962,0.412404,0.792702
11.200,0.924536,0.259988,0.411751,0.785897
11.210,0.924953,0.265379,0.409629,0.785695
11.220,0.918138,0.273310,0.405460,0.777098
11.230,0.906192,0.268227,0.410254,0.762188
11.240,0.911252,0.265513,0.420284,0.763704
11.250,0.912365,0.259718,0.422094,0.766024
11.260,0.930733,0.274166,0.422290,0.782795
11.270,0.931903,0.273468,0.420906,0.785173
11.280,0.929821,0.272720,0.426979,0.779667
11.290,0.937729,0.278354,0.425157,0.788097
11.300,0.937264,0.279364,0.426966,0.786206
11.310,0.922119,0.277779,0.442469,0.759845
11.320,0.940729,0.280967,0.457299,0.772598
11.330,0.982507,0.284016,0.464606,0.817800
11.340,0.985114,0.281174,0.468536,0.819674
11.350,0.988842,0.283118,0.475109,0.819710
11.360,0.981668,0.282693,0.471520,0.813281
11.370,0.981788,0.283380,0.470700,0.813661
11.380,0.973174,0.286196,0.469518,0.802939
11.390,0.975509,0.285465,0.474240,0.803259
11.400,0.985406,0.285752,0.475175,0.814604
11.410,0.983179,0.286182,0.475176,0.811756
11.420,0.994028,0.291043,0.473095,0.824359
11.430,0.994040,0.292470,0.473148,0.823838
11.440,0.995762,0.288793,0.473653,0.826917
11.450,0.996127,0.288853,0.471329,0.828662
11.460,1.002067,0.290438,0.465570,0.838468
11.470,0.995934,0.290597,0.459706,0.834331
11.480,0.979547,0.287177,0.459620,0.815960
11.490,0.986155,0.289962,0.459602,0.822915
11.500,0.987731,0.291042,0.461176,0.823543
11.510,0.997363,0.291760,0.469416,0.830216
11.520,1.003343,0.291453,0.469858,0.837249
11.530,1.009161,0.290938,0.465142,0.846997
11.540,1.007693,0.290585,0.463750,0.846133
11.550,0.994176,0.291576,0.462973,0.830076
11.560,0.988610,0.295604,0.459927,0.823672
11.570,0.986323,0.290795,0.464375,0.820139
11.580,0.995464,0.291541,0.475635,0.824454
11.590,0.999729,0.292421,0.481974,0.825621
11.600,1.012850,0.293142,0.494380,0.833980
11.610,1.018025,0.292785,0.496715,0.839002
11.620,1.017101,0.291644,0.494127,0.839808
11.630,1.011255,0.290723,0.493779,0.833246
11.640,1.003303,0.282144,0.495886,0.825293
11.650,1.008603,0.287613,0.494073,0.830934
11.660,1.010730,0.288149,0.497279,0.831420
11.670,1.012520,0.288130,0.501260,0.831213
11.680,1.011699,0.293155,0.499453,0.829543
11.690,1.015986,0.293859,0.497145,0.835896
11.700,1.016113,0.297218,0.497149,0.834859
11.710,1.010140,0.289970,0.497241,0.830092
11.720,1.014857,0.292952,0.496335,0.835323
11.730,1.014916,0.296669,0.493164,0.835961
11.740,1.013157,0.294896,0.493099,0.834493
11.750,1.007415,0.296026,0.498182,0.824057
11.760,1.003529,0.292200,0.499390,0.819939
11.770,1.005393,0.291194,0.498868,0.822893
11.780,1.001996,0.290496,0.496755,0.820270
11.790,1.002206,0.287670,0.493676,0.823375
11.800,1.012185,0.296286,0.493269,0.832717
11.810,1.015299,0.302972,0.491179,0.835334
11.820,0.998244,0.297581,0.491448,0.816343
11.830,0.978503,0.296021,0.498860,0.788022
11.840,0.973189,0.293417,0.497234,0.783430
11.850,0.980412,0.307435,0.477123,0.799403
11.860,0.979206,0.307617,0.467358,0.803612
11.870,0.980354,0.300868,0.473822,0.803781
11.880,0.985865,0.304065,0.476459,0.807750
11.890,0.984025,0.305717,0.471906,0.807556
11.900,0.980565,0.306304,0.480447,0.798032
11.910,0.974470,0.293196,0.492562,0.788042
11.920,1.003015,0.290753,0.499609,0.819691
11.930,1.024268,0.294291,0.498689,0.844883
11.940,1.041002,0.306316,0.508385,0.855219
11.950,1.038935,0.306649,0.517548,0.847052
11.960,1.037494,0.306554,0.519370,0.844200
11.970,1.043156,0.308113,0.520695,0.849776
11.980,1.036107,0.307959,0.522235,0.840209
11.991,1.025018,0.307185,0.522224,0.826790
12.000,1.027583,0.307327,0.522696,0.829618
12.010,1.032229,0.314311,0.507331,0.842212
12.020,1.024301,0.314656,0.507187,0.832434
12.030,1.022511,0.315612,0.512542,0.826569
12.040,1.036487,0.314671,0.525405,0.836204
12.050,1.065808,0.317799,0.528875,0.869047
12.060,1.071488,0.318026,0.529419,0.875591
12.070,1.053870,0.309322,0.520775,0.862413
12.080,1.042677,0.309147,0.503766,0.858966
12.090,1.035104,0.311861,0.489503,0.857070
12.100,1.019420,0.315295,0.469649,0.848077
12.110,1.010379,0.316127,0.467642,0.837998
12.120,1.009241,0.315488,0.464000,0.838891
12.130,1.018396,0.320203,0.466887,0.846533
12.140,1.018787,0.315677,0.465223,0.849613
12.150,1.015839,0.314193,0.468199,0.844985
12.160,1.012846,0.312166,0.465515,0.843627
12.170,1.021141,0.312214,0.473219,0.849303
12.180,1.027047,0.308556,0.475782,0.856300
12.190,1.027506,0.308131,0.475728,0.857034
12.200,1.028674,0.306614,0.478284,0.857556
12.210,1.026128,0.305092,0.485349,0.851054
12.220,1.019971,0.311967,0.485654,0.840927
12.230,1.012808,0.305364,0.484379,0.835410
12.240,1.008663,0.305434,0.478064,0.834007
12.250,1.008567,0.305264,0.472200,0.837286
12.260,1.015644,0.306866,0.471599,0.845554
12.270,1.022871,0.313627,0.471440,0.851850
12.280,1.021868,0.312503,0.467269,0.853355
12.290,1.017144,0.312571,0.469414,0.846482
12.300,1.004015,0.297145,0.472655,0.834475
12.310,0.997920,0.292904,0.459690,0.835904
12.320,0.989335,0.292418,0.445491,0.833555
12.330,0.979034,0.291547,0.428774,0.830458
12.340,0.970256,0.292962,0.425903,0.821083
12.350,0.962606,0.295910,0.425540,0.811149
12.360,0.962163,0.299891,0.427350,0.808205
12.370,0.957561,0.297317,0.421635,0.806691
12.380,0.953453,0.295377,0.417541,0.804664
12.390,0.957998,0.294031,0.416174,0.811236
12.400,0.958206,0.296984,0.413192,0.811931
12.410,0.938286,0.292130,0.401228,0.796277
12.420,0.902159,0.296879,0.390972,0.756898
12.430,0.872687,0.290991,0.389700,0.724597
12.440,0.853204,0.279367,0.378514,0.711785
12.450,0.851828,0.279353,0.373180,0.712958
12.460,0.859303,0.279215,0.367477,0.724845
12.470,0.868056,0.280244,0.368623,0.734235
12.480,0.876650,0.288964,0.366448,0.742112
12.490,0.880259,0.292189,0.368273,0.744215
12.500,0.866644,0.292788,0.363956,0.729988
12.510,0.850688,0.289862,0.367582,0.710305
12.520,0.848355,0.289362,0.371310,0.705766
12.530,0.850374,0.288724,0.379245,0.704236
12.540,0.851907,0.290305,0.370879,0.709871
12.550,0.841295,0.301940,0.367943,0.693705
12.560,0.829931,0.304554,0.377475,0.673458
12.570,0.832851,0.298927,0.393654,0.670313
12.580,0.837557,0.299957,0.392139,0.676575
12.590,0.848356,0.293502,0.389477,0.694171
12.600,0.856749,0.291442,0.393475,0.703035
12.610,0.857660,0.291051,0.393076,0.704529
12.620,0.857114,0.290999,0.393222,0.703805
12.630,0.851715,0.294293,0.393250,0.695820
12.640,0.848376,0.301331,0.400815,0.684316
12.650,0.850352,0.299512,0.413524,0.679992
12.660,0.854383,0.299297,0.421610,0.680173
12.670,0.856148,0.301390,0.416010,0.684901
12.680,0.868670,0.309243,0.422061,0.693412
12.690,0.871109,0.310526,0.423356,0.695108
12.700,0.873274,0.306318,0.427347,0.697246
12.710,0.880282,0.304933,0.441475,0.697863
12.720,0.881454,0.291639,0.442078,0.704609
12.730,0.891341,0.290647,0.442622,0.717008
12.740,0.894064,0.294869,0.438459,0.721219
12.750,0.896753,0.300861,0.453857,0.712505
12.760,0.878655,0.296611,0.454945,0.690711
12.770,0.869243,0.297494,0.457298,0.676727
12.780,0.873534,0.297393,0.468352,0.674735
12.790,0.875327,0.298989,0.470341,0.674968
12.800,0.876548,0.299145,0.469210,0.677267
12.810,0.889795,0.300542,0.470203,0.693051
12.820,0.906417,0.303530,0.469384,0.713540
12.830,0.907603,0.305128,0.472028,0.712622
12.840,0.919353,0.303794,0.506190,0.704763
12.850,0.924561,0.289101,0.520948,0.706998
12.860,0.942121,0.284866,0.517598,0.733849
12.870,0.956828,0.286663,0.516769,0.752525
12.880,0.967631,0.295472,0.523892,0.757986
12.890,0.963112,0.293639,0.526100,0.751384
12.900,0.957953,0.294850,0.519696,0.748767
12.910,0.958157,0.294644,0.519126,0.749506
12.920,0.958138,0.291981,0.520690,0.749438
12.930,0.959188,0.291876,0.522733,0.749400
12.940,0.964181,0.292229,0.522080,0.756096
12.950,0.965314,0.293375,0.517469,0.760256
12.960,0.960040,0.298515,0.519837,0.749890
12.970,0.958741,0.298722,0.539102,0.734383
12.980,0.960013,0.288700,0.552138,0.730357
12.991,0.969296,0.285008,0.552025,0.744025
13.000,0.989226,0.282098,0.553323,0.769950
13.010,1.006375,0.286367,0.560248,0.785434
13.020,1.017380,0.288952,0.566583,0.794074
13.030,1.015069,0.290014,0.559476,0.795767
13.040,1.001770,0.286295,0.557983,0.781175
13.050,0.994890,0.277249,0.556747,0.776513
13.060,0.995542,0.274385,0.550080,0.783089
13.070,0.988649,0.276258,0.534421,0.784539
13.080,0.979271,0.275493,0.526681,0.778256
13.090,0.966993,0.277246,0.525528,0.762910
13.100,0.962435,0.277578,0.528826,0.754702
13.110,0.970607,0.276995,0.543093,0.755249
13.120,0.973638,0.284381,0.546259,0.754122
13.130,0.964048,0.273498,0.543913,0.747493
13.140,0.959389,0.265912,0.537207,0.749084
13.150,0.958401,0.270314,0.531741,0.750142
13.160,0.951880,0.271227,0.522811,0.747784
13.170,0.940502,0.267840,0.528321,0.730535
13.180,0.917053,0.258893,0.523042,0.707381
13.190,0.914683,0.259641,0.522220,0.704639
13.200,0.910932,0.260336,0.516686,0.703603
13.210,0.903940,0.268423,0.501680,0.702406
13.220,0.897629,0.267775,0.502575,0.693868
13.230,0.889075,0.269906,0.501034,0.683059
13.240,0.887963,0.265451,0.500367,0.683847
13.250,0.882922,0.261194,0.485977,0.689316
13.260,0.884028,0.270235,0.486667,0.686756
13.270,0.880356,0.269790,0.483818,0.684221
13.280,0.876949,0.275255,0.474463,0.684222
13.290,0.877436,0.275290,0.472581,0.686131
13.300,0.873932,0.274969,0.470522,0.683197
13.310,0.858616,0.274182,0.475342,0.660375
13.320,0.841717,0.270374,0.475055,0.640084
13.330,0.835653,0.269530,0.472784,0.634149
13.340,0.817299,0.268691,0.436058,0.636896
13.350,0.804844,0.268696,0.424535,0.628765
13.360,0.785130,0.267978,0.433555,0.597198
13.370,0.769695,0.265301,0.433212,0.578250
13.380,0.767816,0.276093,0.428830,0.573951
13.390,0.766634,0.276741,0.429544,0.571519
13.400,0.766360,0.273227,0.431021,0.571730
13.410,0.764650,0.276303,0.430511,0.568337
13.420,0.762070,0.272916,0.431288,0.565913
13.430,0.773644,0.277124,0.428811,0.581247
13.440,0.766131,0.277211,0.427061,0.572477
13.450,0.755925,0.275382,0.426938,0.559742
13.460,0.749734,0.270831,0.426583,0.553876
13.470,0.736774,0.268461,0.404396,0.554282
13.480,0.731232,0.268776,0.402845,0.547884
13.490,0.730413,0.268937,0.427600,0.527575
13.500,0.704273,0.273635,0.427478,0.488249
13.510,0.683523,0.266802,0.414518,0.473492
13.520,0.677598,0.270428,0.411893,0.465137
13.530,0.678883,0.275815,0.408029,0.467248
13.540,0.680135,0.277060,0.418605,0.458903
13.550,0.664142,0.268643,0.428588,0.430381
13.560,0.670866,0.267392,0.437677,0.432437
13.570,0.702380,0.270301,0.437722,0.478200
13.580,0.712451,0.273430,0.437746,0.491123
13.590,0.720876,0.275042,0.443768,0.497076
13.600,0.726313,0.271895,0.455741,0.495887
13.610,0.732404,0.269864,0.447237,0.513388
13.620,0.743789,0.266299,0.444291,0.533773
13.630,0.752389,0.266239,0.444299,0.545714
13.640,0.755632,0.267547,0.450710,0.544296
13.650,0.751377,0.265262,0.447568,0.542113
13.660,0.750091,0.270075,0.442479,0.542133
13.670,0.741757,0.271104,0.427534,0.542144
13.680,0.738577,0.270064,0.427086,0.538664
13.690,0.735321,0.278180,0.427221,0.529900
13.700,0.734181,0.275865,0.427302,0.529465
13.710,0.732212,0.271549,0.424444,0.531265
13.720,0.744645,0.273639,0.432567,0.540836
13.730,0.742737,0.270824,0.432597,0.539603
13.740,0.737615,0.270988,0.432245,0.532734
13.750,0.733223,0.270317,0.432177,0.527037
13.760,0.727630,0.260247,0.429282,0.526719
13.770,0.725482,0.245916,0.430548,0.529601
13.780,0.735025,0.252622,0.429602,0.540264
13.790,0.733358,0.255023,0.428380,0.537836
13.800,0.735553,0.256149,0.428716,0.540027
13.810,0.740235,0.263741,0.422293,0.547775
13.820,0.744030,0.267045,0.422276,0.551317
13.830,0.745790,0.265201,0.421962,0.554815
13.840,0.742739,0.263887,0.424870,0.549100
13.850,0.744166,0.263743,0.429292,0.547659
13.860,0.746961,0.263910,0.421076,0.557670
13.870,0.771105,0.273305,0.422175,0.584531
13.880,0.769361,0.268531,0.421868,0.584666
13.890,0.773020,0.279449,0.416718,0.588061
13.900,0.776272,0.278932,0.422732,0.588296
13.910,0.778563,0.280328,0.426427,0.587993
13.920,0.776359,0.279091,0.423271,0.587949
13.930,0.781004,0.276836,0.426918,0.592511
13.940,0.793629,0.278891,0.436303,0.601421
13.950,0.799041,0.280410,0.438078,0.606567
13.960,0.797244,0.280311,0.435692,0.605966
13.970,0.795166,0.280280,0.431460,0.606280
13.980,0.786988,0.284006,0.416180,0.604554
13.991,0.781504,0.289625,0.401801,0.604502
14.000,0.789644,0.286132,0.420458,0.604055
14.010,0.789781,0.289098,0.420662,0.602677
14.020,0.781642,0.280291,0.412646,0.601768
14.030,0.799141,0.280360,0.408581,0.626967
14.040,0.825552,0.302958,0.394028,0.659162
14.050,0.821374,0.301945,0.386582,0.658817
14.060,0.796786,0.297476,0.374068,0.637533
14.070,0.771059,0.294302,0.380794,0.602424
14.080,0.762187,0.289665,0.380630,0.593417
14.090,0.765894,0.289172,0.382226,0.597392
14.100,0.758871,0.289151,0.364819,0.599320
14.110,0.751226,0.289184,0.363238,0.590569
14.120,0.756495,0.289105,0.365285,0.596045
14.130,0.787293,0.299340,0.369778,0.627287
14.140,0.785148,0.298270,0.369114,0.625497
14.150,0.786132,0.300274,0.365859,0.627683
14.160,0.788487,0.298598,0.371914,0.627878
14.170,0.793748,0.299719,0.380919,0.628574
14.180,0.792705,0.299716,0.379446,0.628150
14.190,0.792685,0.303104,0.381823,0.625051
14.200,0.792678,0.305817,0.380285,0.624658
14.210,0.793237,0.305735,0.380205,0.625456
14.220,0.787147,0.305164,0.372700,0.622551
14.230,0.788140,0.298729,0.373189,0.626623
14.240,0.796657,0.298677,0.373295,0.637264
14.250,0.805374,0.299948,0.373117,0.647643
14.260,0.803208,0.293139,0.373946,0.647593
14.270,0.801827,0.294194,0.374040,0.645345
14.280,0.796480,0.289211,0.374216,0.640859
14.290,0.803208,0.294871,0.371179,0.648399
14.300,0.797670,0.293980,0.365570,0.645144
14.310,0.800187,0.294573,0.368035,0.646589
14.320,0.806202,0.294608,0.372213,0.651633
14.330,0.803316,0.292635,0.372853,0.648585
14.340,0.807881,0.293139,0.379595,0.650114
14.350,0.810813,0.295122,0.367988,0.659473
14.360,0.809498,0.300577,0.371653,0.653310
14.370,0.787498,0.295882,0.370326,0.628860
14.380,0.778641,0.283064,0.366991,0.625680
14.390,0.774396,0.274477,0.367844,0.623732
14.400,0.771654,0.274793,0.362753,0.623176
14.410,0.770658,0.269869,0.357478,0.627131
14.420,0.775509,0.270440,0.361174,0.630737
14.430,0.762210,0.271517,0.356354,0.616648
14.440,0.749757,0.269600,0.347910,0.606968
14.450,0.756921,0.272414,0.346567,0.615315
14.460,0.760649,0.271733,0.353309,0.616377
14.470,0.761176,0.276609,0.354233,0.614325
14.480,0.760965,0.274304,0.354600,0.614885
14.490,0.759929,0.267047,0.340804,0.624525
14.500,0.750472,0.268932,0.317117,0.624756
14.510,0.749028,0.267045,0.317223,0.623778
14.520,0.758392,0.267502,0.317783,0.634520
14.530,0.730821,0.262589,0.319543,0.602527
14.540,0.701651,0.241546,0.327529,0.571572
14.550,0.701494,0.241371,0.325211,0.572775
14.560,0.711301,0.241192,0.324670,0.585119
14.570,0.712840,0.250118,0.316842,0.587532
14.580,0.712091,0.247282,0.316692,0.587905
14.590,0.702603,0.250144,0.306739,0.580509
14.600,0.697656,0.251630,0.297126,0.578898
14.610,0.695030,0.260149,0.294844,0.573111
14.620,0.674448,0.260829,0.299297,0.545225
14.630,0.643966,0.254093,0.294851,0.513023
14.640,0.630399,0.243207,0.284881,0.507046
14.650,0.628646,0.242485,0.284005,0.505706
14.660,0.626708,0.242516,0.276861,0.507245
14.670,0.619426,0.234683,0.265344,0.508139
14.680,0.619605,0.234180,0.277995,0.501786
14.690,0.616152,0.227963,0.273661,0.502779
14.700,0.623622,0.221681,0.273638,0.514668
14.710,0.623671,0.225800,0.274896,0.512262
14.720,0.617148,0.225868,0.269978,0.506920
14.730,0.614485,0.228782,0.270557,0.502045
14.740,0.602460,0.231512,0.269070,0.486788
14.750,0.598092,0.236404,0.278071,0.473818
14.760,0.599039,0.238122,0.277620,0.474418
14.770,0.599694,0.238877,0.279268,0.473898
14.780,0.597939,0.245409,0.279796,0.467995
14.790,0.598143,0.242000,0.279844,0.469998
14.800,0.601652,0.237677,0.280061,0.476509
14.810,0.589990,0.227631,0.281690,0.465750
14.820,0.590780,0.224088,0.299114,0.457533
14.830,0.606978,0.226209,0.298484,0.477660
14.840,0.608794,0.227865,0.281107,0.489578
14.850,0.610365,0.223940,0.304171,0.479454
14.860,0.606987,0.220629,0.317112,0.468184
14.870,0.609101,0.220852,0.317455,0.470585
14.880,0.609763,0.222760,0.322094,0.467380
14.890,0.622869,0.225600,0.331931,0.476332
14.900,0.636315,0.225798,0.329417,0.495375
14.910,0.645002,0.231020,0.342677,0.495207
14.920,0.633177,0.232708,0.334830,0.484405
14.930,0.635308,0.242793,0.336130,0.481337
14.940,0.631511,0.238751,0.335329,0.478914
14.950,0.623588,0.231733,0.343457,0.466046
14.960,0.632680,0.234139,0.343991,0.476585
14.970,0.648678,0.235345,0.345092,0.496294
14.980,0.648091,0.236117,0.345003,0.495222
14.991,0.642308,0.232662,0.344804,0.489427
15.000,0.641519,0.233703,0.345105,0.487681
15.010,0.637916,0.234418,0.350591,0.478613
15.020,0.633459,0.233427,0.355088,0.469782
15.030,0.653199,0.233317,0.351067,0.498982
15.040,0.650883,0.237216,0.343447,0.499421
15.050,0.650087,0.239025,0.343034,0.497803
15.060,0.655898,0.245400,0.348071,0.498826
15.070,0.652991,0.239819,0.351619,0.495225
15.080,0.651516,0.242371,0.352370,0.491492
15.090,0.647789,0.236239,0.352464,0.489480
15.100,0.646595,0.235992,0.351571,0.488662
15.110,0.644853,0.230276,0.348304,0.491418
15.120,0.653491,0.236659,0.341015,0.504729
15.130,0.670065,0.232163,0.385060,0.496806
15.140,0.668832,0.230304,0.384803,0.496208
15.150,0.672529,0.232545,0.388105,0.497587
15.160,0.679271,0.237291,0.389310,0.503528
15.170,0.678894,0.236260,0.389280,0.503526
15.180,0.699077,0.238009,0.417622,0.507595
15.190,0.706338,0.240395,0.431295,0.505083
15.200,0.702218,0.244266,0.432505,0.496371
15.210,0.701239,0.245178,0.432430,0.494599
15.220,0.702458,0.244543,0.432427,0.496641
15.230,0.705232,0.238778,0.434689,0.501381
15.240,0.712372,0.241825,0.435553,0.509204
15.250,0.712152,0.241034,0.436809,0.508195
15.260,0.716906,0.246190,0.439708,0.509904
15.270,0.716594,0.239793,0.442686,0.509937
15.280,0.718192,0.236288,0.442271,0.514163
15.290,0.714054,0.234166,0.443099,0.508629
15.300,0.712395,0.233731,0.445837,0.504089
15.310,0.714931,0.233794,0.442394,0.510640
15.320,0.708742,0.236409,0.429740,0.511615
15.330,0.691501,0.236907,0.429585,0.487345
15.340,0.691035,0.233928,0.442050,0.476864
15.350,0.686713,0.243086,0.430727,0.476400
15.360,0.680838,0.242962,0.422167,0.475694
15.370,0.680016,0.246847,0.421749,0.472880
15.380,0.675878,0.246527,0.416424,0.471833
15.390,0.666622,0.248381,0.408922,0.464192
15.400,0.650556,0.248482,0.409397,0.440311
15.410,0.645404,0.240026,0.402379,0.443876
15.420,0.649873,0.243434,0.404958,0.446189
15.430,0.644474,0.234187,0.404151,0.444033
15.440,0.650680,0.234133,0.409373,0.448308
15.451,0.647049,0.234184,0.402501,0.449249
15.460,0.632994,0.230274,0.394639,0.438080
15.470,0.633321,0.227788,0.397814,0.436980
15.480,0.639873,0.226620,0.402981,0.442366
15.490,0.639780,0.228871,0.403942,0.440191
15.500,0.674473,0.231023,0.403398,0.488684
15.511,0.675476,0.239621,0.398904,0.489618
15.520,0.667775,0.239202,0.396185,0.481397
15.531,0.660310,0.240455,0.399008,0.467956
15.540,0.661640,0.237819,0.400012,0.470319
15.551,0.655543,0.236495,0.398537,0.463653
15.560,0.647464,0.227108,0.391050,0.463370
15.570,0.647467,0.227162,0.389518,0.464637
15.580,0.654872,0.225698,0.401287,0.465711
15.591,0.666486,0.226775,0.403248,0.479757
15.600,0.675694,0.226447,0.403195,0.492664
15.610,0.692791,0.234273,0.409126,0.507633
15.620,0.676481,0.229764,0.409429,0.487035
15.630,0.642530,0.228814,0.358754,0.481440
15.640,0.644919,0.228586,0.358987,0.484559
15.650,0.636931,0.225786,0.348130,0.483226
15.661,0.637392,0.222639,0.336295,0.493565
15.670,0.638880,0.227232,0.337114,0.492836
15.680,0.626811,0.226144,0.308653,0.496472
15.690,0.626330,0.222447,0.297178,0.504472
15.700,0.632616,0.216994,0.291537,0.517806
15.710,0.631494,0.213882,0.291360,0.517831
15.720,0.630842,0.214811,0.290903,0.516907
15.730,0.633372,0.215866,0.294838,0.517333
15.740,0.625715,0.209163,0.290613,0.513142
15.750,0.634338,0.207904,0.288462,0.525310
15.760,0.628456,0.198870,0.287779,0.522103
15.770,0.648776,0.201495,0.285831,0.546452
15.780,0.653363,0.204771,0.298136,0.544121
15.790,0.643476,0.204720,0.293249,0.534935
15.800,0.641818,0.202867,0.291321,0.534703
15.810,0.646048,0.203234,0.294152,0.538096
15.820,0.658400,0.203885,0.294136,0.552635
15.830,0.661147,0.213670,0.294593,0.551974
15.840,0.655853,0.216388,0.280853,0.551762
15.850,0.650672,0.206482,0.274825,0.552459
15.860,0.654631,0.211498,0.276584,0.554357
15.870,0.653754,0.198382,0.276950,0.557977
15.880,0.658167,0.204909,0.276643,0.560950
15.890,0.655692,0.201644,0.274708,0.560186
15.900,0.663576,0.200742,0.277283,0.568463
15.910,0.658278,0.201258,0.275178,0.563119
15.920,0.657616,0.196855,0.271624,0.565622
15.930,0.665470,0.200324,0.273965,0.572420
15.940,0.661901,0.201140,0.270287,0.569737
15.950,0.668397,0.201183,0.287501,0.568879
15.960,0.667730,0.200780,0.288473,0.567745
15.970,0.649328,0.200874,0.283119,0.548744
15.980,0.649549,0.199107,0.275862,0.553326
15.991,0.657674,0.197087,0.275700,0.563632
16.000,0.617729,0.197589,0.285564,0.510882
16.010,0.614903,0.187719,0.283062,0.512585
16.020,0.611854,0.190748,0.282872,0.507901
16.030,0.598402,0.189755,0.279286,0.494042
16.040,0.602667,0.189802,0.279959,0.498804
16.050,0.609820,0.190468,0.291770,0.500472
16.060,0.605300,0.191510,0.291999,0.494417
16.070,0.597757,0.193976,0.291669,0.484372
16.080,0.599698,0.193142,0.285338,0.490831
16.090,0.602738,0.191877,0.287541,0.493758
16.100,0.587647,0.196538,0.289953,0.471837
16.110,0.581627,0.184765,0.277900,0.476364
16.120,0.591155,0.190999,0.273214,0.488198
16.130,0.589429,0.191332,0.275359,0.484763
16.140,0.590762,0.189829,0.277438,0.485791
16.150,0.590138,0.188891,0.277130,0.485574
16.160,0.581042,0.189757,0.277272,0.474048
16.170,0.591686,0.187497,0.278065,0.487460
16.180,0.618377,0.190860,0.278720,0.517955
16.190,0.620889,0.189204,0.287880,0.516556
16.200,0.620135,0.191150,0.291051,0.513146
16.211,0.621141,0.189943,0.297680,0.511003
16.220,0.633742,0.189357,0.301020,0.524557
16.231,0.650299,0.189589,0.301651,0.544015
16.240,0.655945,0.191073,0.305884,0.547896
16.250,0.651884,0.191240,0.309082,0.541154
16.260,0.649509,0.193693,0.307771,0.538166
16.271,0.640224,0.189669,0.312075,0.525853
16.280,0.651284,0.187085,0.304362,0.544550
16.291,0.675279,0.189936,0.305162,0.571666
16.300,0.679067,0.195452,0.309086,0.572186
16.310,0.670394,0.195481,0.312446,0.559993
16.320,0.659595,0.194335,0.312571,0.547357
16.331,0.656110,0.185712,0.311221,0.546930
16.340,0.667379,0.185129,0.315821,0.558014
16.351,0.711225,0.200345,0.322788,0.601258
16.360,0.720521,0.197019,0.329919,0.609497
16.368,0.723512,0.197408,0.339157,0.607842
16.380,0.720227,0.191993,0.344128,0.602860
16.389,0.722701,0.198874,0.343765,0.603798
16.399,0.719935,0.198823,0.343556,0.600620
16.409,0.732333,0.198451,0.341900,0.616469
16.420,0.741582,0.200187,0.340939,0.627400
16.430,0.739456,0.197353,0.350404,0.620535
16.440,0.745782,0.196623,0.354726,0.625859
16.450,0.754488,0.198200,0.338363,0.644577
16.459,0.763446,0.199808,0.336740,0.655388
16.469,0.765369,0.200294,0.342046,0.654734
16.480,0.757365,0.200834,0.346252,0.642943
16.490,0.753560,0.201255,0.349020,0.636815
16.500,0.749121,0.198398,0.340881,0.636883
16.510,0.751141,0.200623,0.340698,0.638661
16.519,0.758653,0.196286,0.340758,0.648776
16.530,0.761603,0.195885,0.344054,0.650612
16.539,0.757359,0.195967,0.352201,0.641205
16.549,0.752422,0.198668,0.338681,0.641845
16.560,0.758278,0.198266,0.338846,0.648737
16.570,0.770860,0.205311,0.342016,0.659620
16.580,0.765674,0.204671,0.336588,0.656562
16.590,0.759201,0.205918,0.335262,0.649294
16.600,0.762847,0.203284,0.334454,0.654791
16.610,0.765977,0.213448,0.335012,0.654925
16.620,0.754949,0.203706,0.334715,0.645305
16.630,0.757613,0.209973,0.330370,0.648648
16.640,0.757565,0.212987,0.329297,0.648155
16.650,0.756947,0.214543,0.329106,0.647015
16.660,0.762046,0.213738,0.335974,0.649732
16.670,0.760235,0.212509,0.339023,0.646421
16.680,0.755413,0.216603,0.336588,0.640656
16.690,0.756073,0.215230,0.332248,0.644153
16.700,0.764720,0.214260,0.343051,0.649003
16.710,0.776531,0.213953,0.339454,0.664827
16.720,0.790383,0.221152,0.338943,0.678907
16.730,0.779424,0.220754,0.337761,0.666848
16.740,0.784070,0.218382,0.354776,0.664236
16.750,0.783913,0.221114,0.351078,0.665110
16.760,0.782954,0.220261,0.351161,0.664220
16.770,0.778495,0.220275,0.348993,0.660104
16.780,0.776354,0.221925,0.361330,0.650319
16.790,0.760930,0.221138,0.361042,0.632267
16.800,0.762488,0.225670,0.356982,0.634843
16.810,0.761252,0.225995,0.354213,0.634795
16.820,0.762651,0.223969,0.354213,0.637187
16.830,0.763612,0.221791,0.355723,0.638258
16.840,0.754355,0.225594,0.353479,0.627066
16.850,0.722433,0.216714,0.345304,0.596414
16.860,0.725194,0.218398,0.339284,0.602573
16.870,0.723913,0.217263,0.327883,0.607734
16.880,0.730626,0.216814,0.332795,0.613232
16.890,0.737145,0.213450,0.334152,0.621421
16.900,0.746015,0.223444,0.332330,0.629418
16.910,0.731401,0.220022,0.331921,0.613487
16.920,0.730589,0.223425,0.334064,0.610117
16.930,0.734193,0.225865,0.322702,0.619587
16.940,0.732806,0.225963,0.324781,0.616817
16.950,0.724535,0.222383,0.335997,0.602164
16.960,0.733324,0.222381,0.335316,0.613085
16.970,0.744331,0.221771,0.329501,0.629503
16.980,0.745742,0.222554,0.331460,0.629869
16.990,0.743604,0.222091,0.327221,0.629721
17.000,0.748535,0.233546,0.329208,0.630383
17.010,0.746220,0.227995,0.334082,0.627098
17.020,0.741429,0.227770,0.337784,0.619468
17.030,0.750778,0.227543,0.335076,0.632152
17.040,0.756737,0.234526,0.329724,0.639476
17.050,0.758244,0.226407,0.330867,0.643584
17.060,0.752115,0.227967,0.333992,0.634158
17.070,0.753822,0.223584,0.331419,0.639077
17.080,0.760733,0.228482,0.329088,0.646692
17.090,0.758499,0.225522,0.327809,0.645757
17.100,0.752835,0.226184,0.327558,0.638989
17.110,0.745164,0.221722,0.327938,0.631320
17.120,0.752176,0.225070,0.328993,0.637868
17.130,0.748532,0.213995,0.332338,0.635656
17.140,0.751861,0.215725,0.335573,0.637298
17.150,0.751797,0.216656,0.333834,0.637820
17.160,0.752659,0.216656,0.340161,0.635489
17.170,0.737088,0.210044,0.336222,0.621398
17.180,0.732338,0.210143,0.338058,0.614717
17.190,0.732399,0.210925,0.334507,0.616461
17.200,0.722135,0.210578,0.324287,0.609897
17.210,0.707507,0.208298,0.315546,0.598004
17.220,0.694872,0.204568,0.315590,0.584297
17.230,0.705110,0.210593,0.310507,0.597006
17.240,0.703377,0.212417,0.292811,0.603225
17.250,0.703509,0.213012,0.292825,0.603162
17.260,0.714781,0.211770,0.293728,0.616271
17.270,0.724772,0.216184,0.296532,0.625003
17.280,0.713802,0.215904,0.281537,0.619383
17.290,0.712295,0.223435,0.282220,0.614648
17.300,0.705653,0.211272,0.280676,0.611989
17.310,0.708848,0.216518,0.284240,0.612203
17.320,0.716653,0.216398,0.292387,0.617473
17.330,0.728606,0.221147,0.289668,0.630915
17.340,0.734449,0.214005,0.294229,0.638002
17.350,0.730648,0.211434,0.305205,0.629279
17.360,0.729849,0.209032,0.313634,0.624995
17.370,0.739255,0.209495,0.312760,0.636232
17.380,0.735748,0.207396,0.307456,0.635439
17.390,0.728260,0.206486,0.307832,0.626869
17.400,0.724974,0.199279,0.312151,0.623247
17.410,0.730316,0.198911,0.312299,0.629495
17.420,0.720853,0.190565,0.313846,0.620334
17.430,0.712221,0.190043,0.315419,0.609634
17.440,0.705217,0.189069,0.303960,0.607612
17.450,0.704207,0.192090,0.301095,0.606919
17.460,0.685527,0.196798,0.300882,0.583685
17.470,0.673461,0.198900,0.304115,0.567012
17.480,0.673819,0.202559,0.298020,0.569373
17.490,0.674000,0.203998,0.299685,0.568199
17.500,0.675877,0.198924,0.305383,0.569192
17.510,0.674052,0.200774,0.298101,0.570239
17.520,0.675941,0.200369,0.295073,0.574178
17.530,0.672443,0.206055,0.295397,0.567856
17.540,0.662422,0.202747,0.293542,0.558148
17.550,0.657669,0.201520,0.294595,0.552388
17.560,0.663992,0.197793,0.291056,0.563072
17.570,0.663371,0.204399,0.290539,0.560241
17.580,0.654317,0.202028,0.286928,0.552257
17.590,0.656079,0.205407,0.288876,0.552085
17.600,0.658105,0.202743,0.290154,0.554804
17.610,0.663883,0.202883,0.294987,0.559072
17.620,0.657295,0.200632,0.293646,0.552771
17.630,0.662239,0.201675,0.290403,0.559958
17.640,0.660100,0.198358,0.289015,0.559335
17.650,0.662986,0.198500,0.293230,0.560504
17.660,0.661200,0.198046,0.285032,0.562779
17.670,0.666063,0.198893,0.285817,0.567794
17.680,0.665139,0.201533,0.288580,0.564373
17.690,0.663199,0.209318,0.290687,0.558139
17.700,0.663442,0.208046,0.288049,0.560268
17.710,0.666889,0.217248,0.288071,0.560856
17.720,0.654143,0.217647,0.288705,0.545144
17.730,0.641751,0.213242,0.294484,0.528820
17.740,0.642406,0.209480,0.302825,0.526403
17.750,0.668255,0.223438,0.304070,0.551526
17.760,0.662983,0.226556,0.304750,0.543458
17.770,0.653099,0.223632,0.300838,0.534812
17.780,0.657208,0.224123,0.301626,0.539178
17.790,0.652679,0.211227,0.302444,0.538424
17.800,0.666807,0.212809,0.326250,0.541207
17.810,0.679583,0.211187,0.336055,0.551634
17.820,0.689558,0.214803,0.327814,0.567352
17.830,0.683151,0.209152,0.327745,0.561724
17.840,0.684396,0.220373,0.334175,0.555122
17.850,0.680537,0.220586,0.327689,0.554159
17.860,0.673039,0.233809,0.318667,0.544762
17.870,0.659698,0.236084,0.323366,0.524310
17.880,0.657209,0.240031,0.322421,0.519955
17.890,0.657797,0.239528,0.320328,0.522220
17.900,0.656826,0.240346,0.323981,0.518354
17.910,0.658010,0.240947,0.338289,0.510374
17.920,0.678265,0.250203,0.339721,0.531066
17.930,0.701732,0.262572,0.338575,0.555743
17.940,0.706785,0.262726,0.345170,0.558013
17.950,0.701714,0.262313,0.342508,0.553428
17.960,0.701311,0.260334,0.343580,0.553187
17.970,0.703350,0.258254,0.347666,0.554198
17.980,0.699724,0.253168,0.348538,0.551399
17.990,0.711417,0.253782,0.346988,0.566841
18.000,0.721965,0.255011,0.343914,0.581315
18.010,0.723985,0.257236,0.343905,0.582850
18.020,0.716138,0.254750,0.344221,0.573994
18.030,0.707680,0.254078,0.343798,0.563967
18.040,0.711110,0.256648,0.349703,0.563486
18.050,0.709144,0.257190,0.349496,0.560884
18.060,0.702491,0.255904,0.349412,0.553098
18.070,0.704106,0.254107,0.351627,0.554574
18.080,0.713689,0.262918,0.350736,0.563214
18.090,0.710800,0.258608,0.348736,0.562798
18.100,0.712674,0.263986,0.348058,0.563091
18.110,0.707190,0.264733,0.345742,0.557223
18.120,0.715477,0.264404,0.362944,0.557018
18.130,0.725634,0.264782,0.377520,0.560280
18.140,0.753705,0.266470,0.376228,0.596253
18.150,0.763517,0.266147,0.372316,0.611151
18.160,0.760513,0.266342,0.367544,0.610207
18.170,0.762251,0.266626,0.383356,0.602475
18.180,0.760689,0.267835,0.380035,0.602068
18.190,0.758363,0.258549,0.382230,0.601803
18.200,0.763795,0.257717,0.383897,0.607937
18.210,0.772557,0.252982,0.383907,0.620854
18.220,0.786946,0.256785,0.392226,0.632063
18.230,0.793836,0.255342,0.392429,0.641073
18.240,0.794674,0.255932,0.383474,0.647266
18.250,0.790934,0.245093,0.381718,0.647917
18.260,0.804592,0.256068,0.380854,0.660870
18.270,0.804336,0.256163,0.381111,0.660372
18.280,0.803471,0.261655,0.378752,0.658520
18.290,0.802301,0.261278,0.378166,0.657580
18.300,0.793698,0.262841,0.359683,0.656885
18.310,0.782677,0.260983,0.348961,0.650151
18.320,0.777379,0.263789,0.348826,0.642693
18.330,0.770314,0.260449,0.348247,0.635825
18.340,0.765395,0.253693,0.343411,0.635246
18.350,0.770152,0.253751,0.344783,0.640211
18.360,0.774485,0.237975,0.343053,0.652311
18.370,0.777656,0.236045,0.340486,0.658104
18.380,0.777442,0.233969,0.341523,0.658055
18.390,0.780822,0.234089,0.346850,0.659227
18.400,0.786032,0.233498,0.342882,0.667650
18.410,0.782771,0.235240,0.324097,0.672573
18.420,0.766377,0.230404,0.322947,0.655708
18.430,0.748750,0.211333,0.330623,0.637694
18.440,0.759314,0.210420,0.327162,0.652109
18.450,0.764792,0.212980,0.318096,0.662089
18.460,0.774966,0.223069,0.319037,0.670095
18.470,0.778546,0.222575,0.326127,0.670995
18.480,0.791470,0.221937,0.331853,0.683405
18.490,0.797264,0.238521,0.340795,0.680145
18.500,0.792481,0.236136,0.349582,0.670864
18.510,0.792870,0.231897,0.357780,0.668476
18.520,0.799803,0.231250,0.365006,0.673037
18.530,0.808104,0.231773,0.365505,0.682437
18.540,0.805706,0.229672,0.360019,0.683227
18.550,0.808279,0.229893,0.365891,0.683073
18.560,0.805557,0.228598,0.368761,0.678735
18.570,0.801389,0.231317,0.367923,0.673313
18.580,0.793429,0.224552,0.367861,0.666171
18.590,0.797148,0.225319,0.375352,0.666173
18.600,0.800453,0.216139,0.384155,0.668157
18.610,0.800986,0.216029,0.383612,0.669143
18.620,0.792669,0.218423,0.364495,0.669148
18.630,0.779476,0.218377,0.355019,0.658677
18.640,0.752097,0.222111,0.353777,0.625427
18.650,0.740554,0.222190,0.355739,0.610330
18.660,0.744048,0.222211,0.355923,0.614450
18.670,0.742303,0.220734,0.341753,0.620882
18.680,0.740085,0.227622,0.341917,0.615635
18.690,0.738609,0.229343,0.336429,0.616248
18.700,0.730674,0.230846,0.333450,0.607787
18.710,0.723931,0.231615,0.334854,0.598584
18.720,0.707399,0.232439,0.323611,0.584518
18.730,0.698033,0.232790,0.316147,0.577157
18.740,0.692779,0.230770,0.319358,0.569823
18.750,0.698756,0.235036,0.322412,0.573645
18.760,0.681196,0.222172,0.321750,0.557804
18.770,0.692767,0.222168,0.337665,0.562628
18.780,0.709137,0.214762,0.354149,0.575614
18.790,0.744256,0.216535,0.356154,0.616590
18.800,0.758431,0.216691,0.355383,0.634007
18.810,0.761288,0.217614,0.356893,0.636263
18.820,0.764528,0.210557,0.371031,0.634433
18.830,0.777673,0.210685,0.372278,0.649459
18.840,0.786424,0.213677,0.367747,0.661488
18.850,0.783691,0.216352,0.369903,0.656152
18.860,0.778836,0.216488,0.371338,0.649482
18.870,0.781399,0.218225,0.371192,0.652058
18.880,0.794829,0.237357,0.368966,0.662781
18.890,0.790873,0.237815,0.368861,0.657925
18.900,0.783647,0.239600,0.367498,0.649338
18.910,0.780123,0.240069,0.367586,0.644856
18.920,0.781584,0.239145,0.370208,0.645468
18.930,0.786429,0.241623,0.363093,0.654410
18.940,0.784875,0.248296,0.363190,0.649978
18.950,0.779346,0.248800,0.368936,0.639817
18.960,0.771558,0.237038,0.371617,0.633258
18.970,0.786849,0.245637,0.364499,0.652636
18.980,0.791346,0.250915,0.352608,0.662524
18.990,0.778535,0.240568,0.351926,0.651454
19.000,0.776884,0.238159,0.348431,0.652246
19.010,0.790549,0.240200,0.343110,0.670483
19.020,0.799708,0.249322,0.337996,0.680536
19.030,0.797021,0.250165,0.349901,0.670991
19.040,0.804578,0.251035,0.360295,0.674177
19.050,0.818923,0.252955,0.350849,0.695380
19.060,0.823730,0.255637,0.352259,0.699353
19.070,0.822820,0.256391,0.367813,0.689935
19.080,0.825886,0.255428,0.373909,0.690678
19.090,0.833822,0.258527,0.366626,0.702857
19.100,0.833107,0.267908,0.364010,0.699850
19.110,0.838671,0.273692,0.373167,0.699434
19.120,0.839670,0.277038,0.371736,0.700077
19.130,0.842215,0.284998,0.371143,0.700254
19.140,0.845048,0.281688,0.379281,0.700645
19.150,0.843724,0.283681,0.377470,0.699222
19.160,0.840266,0.283220,0.376779,0.695608
19.170,0.839150,0.284799,0.376544,0.693741
19.180,0.840434,0.284804,0.379185,0.693855
19.190,0.841294,0.285261,0.381153,0.693631
19.200,0.840673,0.279606,0.381773,0.694838
19.210,0.839820,0.279645,0.390700,0.688804
19.220,0.842165,0.279342,0.395774,0.688893
19.230,0.840392,0.281820,0.394596,0.686389
19.240,0.838864,0.282515,0.393901,0.684631
19.250,0.816948,0.277227,0.391636,0.661189
19.260,0.815431,0.277265,0.398798,0.654990
19.270,0.806718,0.281411,0.385677,0.650273
19.280,0.792429,0.282312,0.370521,0.641060
19.290,0.757804,0.279697,0.368448,0.600235
19.300,0.749201,0.283214,0.373565,0.584415
19.310,0.742570,0.284558,0.370719,0.577066
19.320,0.729866,0.285859,0.358700,0.567735
19.330,0.712360,0.288973,0.357526,0.544175
19.340,0.711327,0.288258,0.360551,0.541199
19.350,0.708973,0.286885,0.357108,0.541122
19.360,0.709971,0.287338,0.363042,0.538234
19.370,0.710135,0.288996,0.363633,0.537163
19.380,0.714560,0.274843,0.366409,0.548455
19.390,0.718255,0.276043,0.364306,0.554050
19.400,0.727023,0.273582,0.380259,0.555985
19.410,0.733268,0.273511,0.381601,0.563253
19.420,0.740821,0.271741,0.383194,0.572831
19.430,0.734315,0.273578,0.385451,0.561962
19.440,0.724788,0.267026,0.387799,0.551023
19.450,0.726019,0.265687,0.382533,0.556941
19.460,0.736005,0.270563,0.379711,0.569490
19.470,0.720821,0.267562,0.379017,0.551671
19.480,0.706357,0.263090,0.386372,0.529567
19.490,0.710462,0.262105,0.379309,0.540538
19.500,0.708548,0.265323,0.373056,0.540808
19.510,0.689882,0.261364,0.371431,0.519292
19.520,0.671909,0.257155,0.368222,0.499746
19.528,0.666975,0.255769,0.358362,0.501013
19.538,0.659852,0.255213,0.353401,0.495358
19.548,0.646911,0.252439,0.353383,0.479467
19.558,0.637823,0.251063,0.347593,0.472191
19.568,0.626395,0.244705,0.332352,0.471203
19.578,0.626881,0.245912,0.325147,0.476221
19.588,0.641475,0.254823,0.326595,0.489786
19.598,0.637255,0.248352,0.317921,0.493296
19.608,0.638914,0.241156,0.323136,0.495619
19.618,0.647675,0.231463,0.328015,0.508246
19.630,0.659564,0.220872,0.327333,0.528293
19.640,0.665635,0.224315,0.331939,0.531573
19.650,0.665963,0.218923,0.332963,0.533587
19.660,0.667683,0.221300,0.332872,0.534811
19.670,0.664252,0.217371,0.332855,0.532154
19.680,0.663599,0.215095,0.334069,0.531504
19.690,0.662100,0.216324,0.331643,0.530654
19.700,0.660635,0.215614,0.335061,0.526957
19.710,0.659281,0.215158,0.335411,0.525222
19.720,0.661262,0.217387,0.332868,0.528402
19.730,0.671730,0.223010,0.333494,0.538766
19.740,0.670526,0.222568,0.339071,0.533947
19.750,0.690412,0.222355,0.345538,0.554824
19.760,0.706864,0.232197,0.335897,0.576987
19.770,0.708408,0.229773,0.337462,0.578936
19.780,0.706105,0.228896,0.339662,0.575170
19.790,0.707665,0.229028,0.339385,0.577195
19.800,0.702303,0.223060,0.332703,0.576873
19.810,0.705082,0.221559,0.332148,0.581145
19.820,0.707450,0.221009,0.334561,0.582846
19.830,0.706805,0.221021,0.334860,0.581886
19.840,0.704432,0.219407,0.336129,0.578881
19.850,0.719585,0.221175,0.335690,0.596822
19.860,0.726898,0.223723,0.331339,0.607077
19.870,0.721106,0.223542,0.336773,0.597166
19.880,0.706407,0.223984,0.335880,0.579678
19.890,0.701071,0.222865,0.332771,0.575409
19.900,0.696283,0.234786,0.316435,0.574068
19.910,0.692830,0.234594,0.316227,0.570069
19.920,0.681391,0.234616,0.309770,0.559725
19.930,0.678573,0.232297,0.306387,0.559131
19.940,0.687194,0.232157,0.307628,0.568950
19.950,0.695451,0.234146,0.307601,0.578108
19.960,0.692524,0.226695,0.320972,0.570242
19.970,0.693988,0.222176,0.329480,0.568946
19.980,0.711842,0.237285,0.322196,0.588731
19.990,0.714702,0.240928,0.322295,0.590660
20.000,0.711716,0.236932,0.327393,0.585848
20.010,0.722968,0.237154,0.341795,0.591284
20.020,0.724568,0.234152,0.342683,0.593919
20.030,0.722140,0.232126,0.341969,0.592167
20.040,0.726229,0.232188,0.347256,0.594063
20.050,0.718707,0.231863,0.348197,0.584413
20.060,0.725309,0.230566,0.351179,0.591258
20.070,0.743021,0.231476,0.352824,0.611567
20.080,0.764995,0.243069,0.358131,0.630775
20.090,0.746753,0.230645,0.361754,0.611209
20.100,0.743707,0.228317,0.362875,0.607694
20.110,0.745554,0.230850,0.350027,0.616474
20.120,0.738525,0.237340,0.347834,0.606713
20.130,0.727876,0.234487,0.351331,0.592778
20.140,0.724227,0.230730,0.336093,0.598589
20.150,0.726055,0.230664,0.340614,0.598275
20.160,0.732519,0.228536,0.340652,0.606887
20.170,0.757246,0.241500,0.342325,0.630803
20.180,0.758405,0.241531,0.341679,0.632532
20.190,0.762768,0.240421,0.348408,0.634527
20.200,0.763000,0.244550,0.345207,0.634978
20.210,0.766645,0.238833,0.347369,0.640342
20.220,0.779337,0.237916,0.343044,0.658090
20.230,0.784237,0.233632,0.342349,0.665763
20.240,0.788450,0.236213,0.342187,0.669900
20.250,0.778393,0.236154,0.341704,0.658304
20.260,0.766151,0.227019,0.342512,0.646634
20.270,0.767384,0.230726,0.344233,0.645869
20.280,0.770782,0.229305,0.343215,0.650944
20.290,0.769961,0.230211,0.343641,0.649426
20.300,0.769560,0.228729,0.343705,0.649440
20.310,0.780185,0.232423,0.350844,0.656945
20.320,0.791220,0.237458,0.346909,0.670296
20.330,0.804264,0.240467,0.357725,0.679006
20.340,0.803620,0.241162,0.352408,0.680775
20.350,0.794487,0.239556,0.351025,0.671271
20.360,0.789571,0.240557,0.356230,0.662310
20.370,0.793625,0.244918,0.354239,0.666611
20.380,0.794838,0.244313,0.351598,0.669670
20.390,0.800492,0.244347,0.357555,0.673229
20.400,0.814340,0.234103,0.357233,0.693347
20.410,0.814448,0.239587,0.356557,0.691948
20.420,0.814693,0.239263,0.356066,0.692600
20.430,0.813443,0.237898,0.355894,0.691690
20.440,0.803869,0.242622,0.352137,0.680690
20.450,0.797067,0.241575,0.352314,0.672928
20.460,0.802027,0.247706,0.340293,0.682708
20.470,0.795436,0.246620,0.329992,0.680443
20.480,0.774965,0.232204,0.333892,0.659672
20.490,0.768200,0.229697,0.335244,0.651907
20.500,0.766265,0.229860,0.330703,0.651891
20.510,0.765299,0.229961,0.324486,0.653842
20.520,0.764752,0.230215,0.324290,0.653209
20.530,0.771852,0.230030,0.333638,0.656907
20.540,0.774387,0.231303,0.328269,0.662128
20.550,0.775514,0.231196,0.329699,0.662774
20.560,0.769870,0.231542,0.326155,0.657808
20.570,0.759627,0.231805,0.325083,0.646236
20.580,0.737814,0.217077,0.329516,0.623432
20.590,0.742840,0.216670,0.327638,0.630491
20.600,0.744214,0.216803,0.326222,0.632796
20.610,0.739431,0.213621,0.338027,0.621982
20.620,0.735069,0.203956,0.334387,0.622024
20.630,0.732317,0.205952,0.330674,0.620103
20.640,0.731596,0.209619,0.331308,0.617679
20.650,0.744566,0.211129,0.333356,0.631409
20.661,0.747328,0.215145,0.338909,0.630359
20.670,0.726248,0.206720,0.340661,0.607168
20.680,0.725979,0.206984,0.335379,0.609692
20.690,0.721170,0.206164,0.328749,0.607871
20.700,0.735657,0.203976,0.333275,0.623308
20.710,0.739443,0.212284,0.322378,0.630701
20.720,0.721002,0.213263,0.323137,0.608231
20.730,0.706480,0.210291,0.323579,0.591767
20.740,0.698582,0.206613,0.315528,0.588022
20.750,0.704261,0.207808,0.309991,0.597248
20.760,0.704242,0.213656,0.310868,0.594701
20.770,0.704385,0.210293,0.311455,0.595761
20.780,0.709313,0.211149,0.327165,0.592878
20.790,0.709744,0.210662,0.328025,0.593091
20.800,0.723420,0.210245,0.332092,0.607330
20.810,0.726744,0.215920,0.326696,0.612213
20.820,0.723814,0.212137,0.352796,0.595349
20.830,0.710996,0.206999,0.343954,0.586824
20.840,0.719955,0.210020,0.359518,0.587344
20.850,0.729757,0.209493,0.359544,0.599488
20.860,0.728143,0.212381,0.351123,0.601497
20.870,0.721148,0.205638,0.347573,0.597461
20.880,0.739087,0.212015,0.355581,0.612259
20.890,0.735921,0.213395,0.355725,0.607867
20.900,0.717546,0.213576,0.356257,0.585098
20.910,0.713534,0.212072,0.355739,0.581039
20.920,0.716124,0.212086,0.356328,0.583853
20.930,0.720894,0.214281,0.357654,0.588094
20.940,0.722197,0.210167,0.363070,0.587859
20.950,0.718918,0.208939,0.363871,0.583769
20.960,0.704840,0.199744,0.364348,0.569343
20.970,0.714817,0.200450,0.363565,0.581897
20.980,0.724349,0.201445,0.361550,0.594460
20.990,0.724115,0.200321,0.360419,0.595241
21.000,0.729095,0.204340,0.360354,0.599974
21.010,0.720977,0.202577,0.353290,0.594943
21.020,0.718553,0.202961,0.351666,0.592838
21.030,0.713574,0.203645,0.346878,0.589399
21.040,0.722966,0.204607,0.343753,0.602203
21.050,0.730609,0.206774,0.342143,0.611533
21.060,0.728641,0.205396,0.341989,0.609733
21.070,0.731455,0.208036,0.349369,0.608021
21.080,0.729868,0.208479,0.342678,0.609767
21.090,0.724263,0.210241,0.339617,0.604166
21.100,0.725855,0.217606,0.340680,0.602868
21.110,0.724417,0.217386,0.329179,0.607589
21.120,0.729198,0.218427,0.340343,0.606783
21.130,0.728809,0.213819,0.343245,0.606322
21.140,0.730146,0.208067,0.360503,0.599882
21.150,0.713650,0.204245,0.352548,0.585910
21.160,0.706037,0.212665,0.346542,0.577209
21.170,0.704765,0.207841,0.344119,0.578860
21.180,0.709915,0.210657,0.348329,0.581609
21.190,0.716815,0.208388,0.365110,0.580597
21.200,0.702548,0.206659,0.362161,0.565425
21.210,0.689931,0.207969,0.360902,0.550004
21.220,0.700805,0.207962,0.362618,0.562483
21.230,0.703597,0.207897,0.368693,0.562044
21.240,0.709400,0.207543,0.372205,0.567131
21.250,0.706627,0.205321,0.385095,0.555758
21.260,0.698748,0.201683,0.383943,0.547869
21.270,0.700594,0.201343,0.384483,0.549970
21.280,0.698258,0.205809,0.375198,0.551754
21.290,0.703457,0.207105,0.381461,0.553577
21.300,0.694593,0.207258,0.383050,0.541089
21.310,0.684102,0.202001,0.390361,0.524223
21.320,0.675069,0.200244,0.375319,0.524171
21.330,0.676019,0.200125,0.374958,0.525698
21.340,0.667473,0.198558,0.361979,0.524467
21.350,0.668836,0.204584,0.363470,0.522854
21.360,0.666291,0.199323,0.364040,0.521238
21.370,0.672502,0.200259,0.371166,0.523823
21.380,0.650065,0.191378,0.365630,0.502269
21.390,0.645410,0.190574,0.360357,0.500378
21.400,0.645546,0.189960,0.359745,0.501227
21.410,0.647305,0.186338,0.359752,0.504838
21.420,0.652069,0.195819,0.360674,0.506718
21.430,0.647644,0.192052,0.361212,0.502080
21.440,0.647563,0.193319,0.357425,0.504195
21.450,0.650762,0.195152,0.362968,0.503648
21.460,0.652452,0.195914,0.364918,0.504129
21.470,0.645505,0.195476,0.375310,0.487451
21.480,0.643581,0.195743,0.374077,0.485745
21.490,0.654131,0.195983,0.398739,0.480089
21.500,0.655040,0.192978,0.399179,0.482175
21.510,0.656104,0.192978,0.404040,0.479566
21.520,0.668745,0.192979,0.403920,0.496818
21.530,0.681737,0.211534,0.403165,0.507422
21.540,0.660959,0.208152,0.402091,0.481520
21.550,0.652670,0.205214,0.403339,0.470302
21.560,0.656888,0.205421,0.410291,0.470069
21.570,0.667065,0.210234,0.406480,0.485336
21.580,0.678561,0.219438,0.403936,0.499127
21.590,0.677005,0.217167,0.405289,0.496905
21.600,0.677185,0.211740,0.404328,0.500264
21.610,0.674289,0.211634,0.405290,0.495598
21.620,0.686346,0.218901,0.397626,0.514827
21.630,0.689991,0.222070,0.397849,0.518159
21.640,0.678970,0.220867,0.379543,0.517847
21.650,0.678884,0.221369,0.379665,0.517430
21.660,0.686626,0.214162,0.392567,0.521038
21.670,0.695337,0.215710,0.394803,0.530182
21.680,0.687227,0.218170,0.389112,0.522756
21.690,0.688901,0.218104,0.376833,0.533865
21.700,0.698039,0.218337,0.382233,0.541743
21.710,0.696485,0.213804,0.383120,0.540923
21.720,0.696469,0.216234,0.382643,0.540275
21.730,0.699683,0.224411,0.383150,0.540732
21.740,0.691970,0.224830,0.375375,0.536067
21.750,0.690907,0.225211,0.375776,0.534252
21.760,0.698741,0.225251,0.385772,0.537290
21.770,0.705514,0.230557,0.387544,0.542590
21.780,0.698116,0.232686,0.376677,0.539756
21.790,0.700228,0.232162,0.371604,0.546196
21.800,0.702010,0.232021,0.371593,0.548547
21.810,0.699117,0.233768,0.369877,0.545260
21.820,0.707189,0.232484,0.373030,0.554000
21.830,0.716994,0.232829,0.367611,0.569853
21.840,0.721436,0.235370,0.366034,0.575404
21.850,0.704091,0.229250,0.367614,0.555020
21.860,0.706552,0.229448,0.368860,0.557235
21.870,0.710570,0.228559,0.365212,0.565059
21.880,0.716871,0.232393,0.364812,0.571672
21.890,0.722358,0.235497,0.371109,0.573254
21.900,0.727714,0.238121,0.374209,0.576917
21.910,0.735674,0.237483,0.375590,0.586302
21.920,0.741552,0.241898,0.389062,0.583109
21.930,0.740859,0.242063,0.386223,0.584045
21.940,0.741175,0.243605,0.381671,0.586791
21.950,0.740159,0.243728,0.379434,0.586908
21.960,0.738984,0.243901,0.379007,0.585631
21.970,0.746998,0.246465,0.369788,0.600431
21.980,0.746441,0.246927,0.369965,0.599439
21.990,0.735206,0.247009,0.345555,0.600088
22.000,0.741037,0.249284,0.350808,0.603264
22.010,0.771432,0.254942,0.353446,0.636544
22.020,0.779941,0.265726,0.356784,0.640627
22.030,0.775143,0.255843,0.367361,0.632801
22.040,0.775005,0.254318,0.368237,0.632738
22.050,0.775468,0.254259,0.369746,0.632449
22.060,0.774515,0.260968,0.365642,0.630931
22.070,0.756816,0.253246,0.360971,0.615090
22.080,0.756316,0.253011,0.364927,0.612232
22.090,0.752494,0.252903,0.363696,0.608287
22.100,0.750336,0.252633,0.365596,0.604582
22.110,0.760019,0.257103,0.364594,0.615304
22.120,0.742384,0.249321,0.363357,0.597449
22.130,0.747230,0.246732,0.375534,0.597034
22.140,0.749063,0.246553,0.376168,0.599003
22.150,0.757819,0.246197,0.386365,0.603654
22.160,0.760685,0.245360,0.382760,0.609864
22.170,0.773844,0.251192,0.382569,0.624002
22.180,0.775848,0.254051,0.385015,0.623829
22.190,0.769208,0.253771,0.384573,0.615942
22.200,0.765720,0.259312,0.382354,0.610647
22.210,0.769371,0.259596,0.389316,0.610717
22.220,0.769579,0.257215,0.394280,0.608798
22.230,0.771810,0.259898,0.384020,0.616987
22.240,0.774405,0.259421,0.383646,0.620660
22.250,0.776670,0.260188,0.375496,0.628109
22.260,0.770296,0.261539,0.364690,0.626063
22.270,0.763895,0.257661,0.366191,0.618911
22.280,0.762311,0.253356,0.367747,0.617811
22.290,0.771261,0.251901,0.378678,0.622890
22.300,0.765374,0.251909,0.376599,0.616857
22.310,0.772965,0.250165,0.372309,0.629507
22.320,0.767790,0.251388,0.362437,0.628447
22.330,0.758617,0.251104,0.363463,0.616718
22.340,0.758792,0.248632,0.379508,0.608211
22.350,0.757863,0.250455,0.376657,0.608078
22.360,0.758700,0.251032,0.384446,0.603995
22.370,0.754528,0.251569,0.388298,0.596028
22.380,0.751514,0.253572,0.390439,0.589942
22.390,0.755060,0.251383,0.387134,0.597536
22.400,0.750169,0.249076,0.385671,0.593274
22.410,0.755778,0.251598,0.386381,0.598839
22.420,0.745435,0.243001,0.374128,0.597203
22.430,0.746334,0.242699,0.375334,0.597692
22.440,0.743040,0.239831,0.376174,0.594208
22.450,0.745260,0.238504,0.379962,0.595111
22.460,0.754241,0.239004,0.381998,0.604842
22.470,0.747335,0.236313,0.387784,0.593540
22.480,0.747129,0.237874,0.390384,0.590947
22.490,0.750598,0.239320,0.386384,0.597353
22.500,0.742938,0.240936,0.381491,0.590229
22.510,0.714059,0.236121,0.373492,0.560919
22.520,0.692272,0.224438,0.369343,0.540789
22.530,0.687403,0.220478,0.358601,0.543431
22.540,0.687905,0.222612,0.356410,0.544636
22.550,0.689578,0.221868,0.357591,0.546279
22.560,0.685698,0.213796,0.354964,0.546327
22.570,0.693213,0.217236,0.354721,0.554550
22.580,0.690413,0.211153,0.366503,0.545674
22.590,0.693386,0.211149,0.366492,0.549440
22.600,0.712112,0.212142,0.401441,0.548584
22.610,0.701799,0.206821,0.402969,0.536062
22.620,0.712136,0.207991,0.417406,0.538191
22.630,0.705033,0.216555,0.404998,0.534932
22.640,0.704168,0.216698,0.406171,0.532840
22.650,0.696513,0.216781,0.395199,0.530993
22.660,0.693057,0.220058,0.393194,0.526593
22.670,0.666053,0.211017,0.391531,0.495784
22.680,0.679612,0.205164,0.405540,0.505290
22.690,0.680233,0.205257,0.408338,0.503832
22.700,0.685759,0.196515,0.424125,0.501763
22.710,0.683321,0.197634,0.420563,0.500994
22.720,0.686814,0.199427,0.425701,0.500720
22.730,0.677706,0.191106,0.425877,0.491317
22.740,0.683462,0.201099,0.437737,0.484836
22.750,0.699052,0.207094,0.440420,0.501813
22.760,0.706061,0.207217,0.440757,0.511191
22.770,0.708204,0.206010,0.434467,0.519953
22.780,0.712637,0.204840,0.432271,0.528237
22.790,0.704955,0.204829,0.436466,0.514299
22.800,0.706041,0.205481,0.438161,0.514087
22.810,0.697700,0.205599,0.441114,0.499932
22.820,0.707195,0.210288,0.447354,0.505745
22.830,0.729783,0.221967,0.446824,0.532600
22.840,0.718829,0.226427,0.431070,0.528794
22.850,0.728730,0.227851,0.431970,0.540864
22.860,0.728523,0.227354,0.425488,0.545908
22.870,0.732244,0.226910,0.438062,0.541105
22.880,0.729203,0.220280,0.436556,0.540955
22.890,0.724068,0.222131,0.434953,0.534554
22.900,0.726895,0.224699,0.435507,0.536862
22.910,0.725427,0.228207,0.433877,0.534711
22.920,0.741483,0.239839,0.447417,0.540456
22.930,0.742184,0.240401,0.447527,0.541076
22.940,0.753004,0.241081,0.452215,0.551721
22.950,0.757995,0.241193,0.457481,0.554160
22.960,0.751114,0.240261,0.462174,0.541149
22.970,0.750070,0.240260,0.465685,0.536673
22.980,0.758620,0.236253,0.471382,0.545425
22.991,0.789656,0.239718,0.471407,0.586401
23.000,0.793713,0.246674,0.472818,0.587857
23.010,0.792240,0.248470,0.472783,0.585136
23.020,0.801941,0.249813,0.473607,0.596991
23.030,0.799273,0.248640,0.472975,0.594398
23.040,0.800870,0.249794,0.475972,0.593672
23.050,0.799229,0.249753,0.473823,0.593197
23.060,0.800309,0.249746,0.472855,0.595424
23.070,0.803569,0.247419,0.475667,0.598538
23.080,0.816083,0.248464,0.476122,0.614463
23.090,0.817289,0.252550,0.481412,0.610265
23.100,0.821833,0.259535,0.452528,0.635035
23.110,0.842015,0.260270,0.474703,0.644907
23.120,0.834438,0.261829,0.462547,0.643259
23.130,0.833150,0.252392,0.461984,0.645762
23.140,0.833729,0.253576,0.461027,0.646728
23.150,0.830779,0.254543,0.460832,0.642678
23.160,0.838183,0.254295,0.455261,0.656218
23.170,0.851875,0.260862,0.469919,0.660922
23.180,0.839590,0.257946,0.457161,0.655270
23.190,0.841588,0.259145,0.455357,0.658609
23.200,0.840628,0.258223,0.451389,0.660473
23.210,0.846480,0.256410,0.460808,0.662147
23.220,0.836383,0.254392,0.451295,0.656623
23.230,0.842032,0.254057,0.460994,0.657234
23.240,0.857130,0.247777,0.459034,0.680122
23.250,0.838499,0.242949,0.456423,0.660102
23.260,0.837539,0.240625,0.456192,0.659895
23.270,0.837539,0.247367,0.456610,0.657106
23.280,0.841216,0.246686,0.466845,0.654864
23.290,0.839100,0.247301,0.461601,0.655634
23.300,0.841722,0.247539,0.465766,0.655959
23.310,0.841125,0.247249,0.465165,0.655728
23.320,0.844021,0.243190,0.467360,0.659397
23.330,0.822136,0.233519,0.467312,0.634820
23.340,0.826448,0.228905,0.471394,0.639066
23.350,0.819200,0.226904,0.470205,0.631277
23.360,0.826066,0.226675,0.481086,0.632107
23.370,0.828850,0.227345,0.481395,0.635268
23.380,0.832437,0.227583,0.482536,0.638996
23.390,0.841169,0.226378,0.496049,0.640510
23.400,0.853295,0.225213,0.496337,0.656538
23.410,0.842326,0.218421,0.496476,0.644451
23.420,0.850636,0.205477,0.482882,0.669467
23.430,0.857800,0.210578,0.484168,0.676062
23.440,0.851968,0.210820,0.485773,0.667404
23.450,0.844480,0.212878,0.474717,0.665187
23.460,0.845499,0.212251,0.476532,0.665384
23.470,0.847682,0.212320,0.475180,0.669096
23.480,0.836877,0.214190,0.470831,0.657879
23.490,0.819942,0.209753,0.474927,0.634628
23.500,0.838201,0.199991,0.473906,0.661814
23.510,0.833489,0.197378,0.473878,0.656647
23.520,0.827248,0.194660,0.476282,0.647767
23.530,0.830523,0.199637,0.474114,0.652019
23.540,0.830752,0.195852,0.476402,0.651792
23.550,0.830712,0.198196,0.477191,0.650454
23.560,0.829320,0.198400,0.477787,0.648174
23.570,0.841013,0.201807,0.480256,0.660251
23.580,0.837743,0.203393,0.468701,0.663901
23.590,0.840191,0.198621,0.464861,0.671100
23.600,0.825300,0.190284,0.463289,0.655954
23.610,0.806602,0.192542,0.437956,0.649406
23.620,0.812164,0.193022,0.445772,0.650876
23.630,0.809844,0.194215,0.445157,0.648046
23.640,0.811776,0.195111,0.449115,0.647463
23.650,0.831947,0.196898,0.458413,0.665752
23.660,0.819403,0.197302,0.458088,0.650114
23.670,0.830552,0.192132,0.445419,0.674169
23.680,0.838334,0.194588,0.443398,0.684352
23.690,0.834771,0.197948,0.440762,0.680725
23.700,0.839455,0.200819,0.429140,0.692961
23.710,0.841852,0.207012,0.420617,0.699244
23.720,0.841272,0.207014,0.420912,0.698367
23.730,0.837419,0.211841,0.412103,0.697542
23.740,0.818249,0.211749,0.408992,0.676328
23.750,0.848453,0.220286,0.410780,0.708947
23.760,0.847301,0.221682,0.413188,0.705728
23.770,0.845327,0.213727,0.415236,0.704612
23.780,0.845845,0.222817,0.406514,0.707498
23.790,0.842204,0.222573,0.401456,0.706117
23.800,0.841975,0.229652,0.395411,0.706988
23.810,0.840127,0.231186,0.391601,0.706411
23.820,0.830794,0.231246,0.390842,0.695691
23.830,0.837479,0.234749,0.390764,0.702544
23.840,0.849174,0.239191,0.394030,0.713179
23.850,0.856198,0.242379,0.394313,0.720309
23.860,0.847457,0.242799,0.380896,0.717043
23.870,0.841379,0.243116,0.363870,0.718619
23.880,0.839139,0.244716,0.361599,0.716599
23.890,0.827857,0.247968,0.338397,0.713685
23.900,0.812485,0.246931,0.341633,0.694581
23.910,0.810196,0.247599,0.341578,0.691692
23.920,0.819322,0.250244,0.344944,0.699772
23.930,0.815741,0.249096,0.347659,0.694635
23.940,0.816506,0.247694,0.338689,0.700442
23.950,0.825094,0.246193,0.338576,0.711010
23.960,0.824134,0.245895,0.338659,0.709959
23.970,0.823273,0.251062,0.330594,0.710952
23.980,0.819827,0.249594,0.328670,0.708375
23.991,0.802508,0.247675,0.332138,0.687285
24.000,0.789157,0.246805,0.332134,0.671970
24.010,0.792623,0.249524,0.336307,0.672969
24.020,0.803517,0.249313,0.340343,0.683849
24.030,0.808498,0.246714,0.342642,0.689492
24.040,0.812198,0.246951,0.338631,0.695708
24.050,0.824165,0.250301,0.344730,0.705521
24.060,0.824877,0.250435,0.345761,0.705800
24.070,0.803846,0.248627,0.353085,0.678000
24.080,0.791840,0.243484,0.356665,0.663714
24.090,0.796301,0.242976,0.358592,0.668183
24.100,0.794461,0.241387,0.355129,0.668419
24.110,0.792082,0.240057,0.352950,0.667227
24.120,0.800063,0.239241,0.352722,0.677090
24.130,0.808045,0.245178,0.352298,0.684625
24.140,0.808160,0.243083,0.353525,0.684875
24.150,0.792883,0.241525,0.348758,0.669848
24.160,0.791829,0.238953,0.352610,0.667503
24.170,0.771001,0.236001,0.349843,0.645257
24.180,0.765943,0.234407,0.349325,0.640073
24.190,0.778702,0.235543,0.363929,0.646879
24.200,0.772065,0.230732,0.374868,0.634288
24.210,0.761413,0.227182,0.372938,0.623742
24.220,0.759722,0.228301,0.368171,0.624104
24.230,0.759025,0.223065,0.367437,0.625580
24.240,0.755951,0.226579,0.363522,0.622876
24.250,0.724019,0.216914,0.360995,0.588927
24.260,0.726379,0.216264,0.354775,0.595812
24.270,0.720719,0.216757,0.353302,0.589601
24.280,0.713170,0.205725,0.353108,0.584468
24.290,0.720803,0.205649,0.352260,0.594288
24.300,0.717572,0.202188,0.353564,0.590781
24.310,0.739083,0.202787,0.368698,0.607604
24.320,0.752833,0.211022,0.364759,0.623842
24.330,0.749049,0.208318,0.365433,0.619788
24.340,0.734351,0.203697,0.355867,0.609211
24.350,0.723199,0.197776,0.358864,0.595918
24.360,0.729260,0.197532,0.371398,0.595706
24.370,0.738417,0.196307,0.374189,0.605562
24.380,0.739950,0.194500,0.374081,0.608079
24.390,0.746108,0.191649,0.387436,0.608146
24.400,0.754040,0.192706,0.392654,0.614219
24.410,0.762018,0.191526,0.403852,0.617165
24.420,0.733431,0.186161,0.401091,0.585142
24.430,0.730698,0.181266,0.400060,0.583963
24.440,0.724781,0.182999,0.399865,0.576131
24.450,0.722069,0.183238,0.398884,0.573323
24.460,0.732283,0.191014,0.395297,0.586081
24.470,0.729115,0.187626,0.398154,0.581273
24.480,0.726454,0.188041,0.395132,0.579868
24.490,0.727765,0.190887,0.390109,0.583968
24.500,0.721590,0.193026,0.390209,0.575474
24.510,0.729907,0.190454,0.389559,0.587141
24.520,0.738863,0.206621,0.400109,0.585781
24.530,0.737093,0.207888,0.404550,0.580024
24.540,0.733538,0.212561,0.404813,0.573604
24.550,0.718535,0.207762,0.397619,0.561273
24.560,0.722583,0.207421,0.398677,0.565826
24.570,0.748288,0.218764,0.389958,0.600008
24.580,0.750233,0.221383,0.387074,0.603334
24.590,0.742465,0.222511,0.388388,0.592367
24.600,0.737218,0.222673,0.394229,0.581799
24.610,0.740660,0.221842,0.401579,0.581461
24.620,0.736425,0.219408,0.396781,0.580298
24.630,0.737289,0.211594,0.396232,0.584657
24.640,0.747007,0.215696,0.411943,0.584635
24.650,0.745697,0.214695,0.421194,0.576685
24.660,0.750397,0.218737,0.420114,0.582026
24.670,0.757015,0.221404,0.426549,0.584900
24.680,0.757735,0.221274,0.431759,0.582052
24.690,0.757121,0.222694,0.420598,0.588844
24.700,0.753213,0.225358,0.411971,0.588917
24.710,0.754796,0.225033,0.409732,0.592618
24.720,0.755486,0.223120,0.412415,0.592360
24.730,0.755990,0.223119,0.415768,0.590656
24.740,0.762269,0.220958,0.417815,0.598048
24.750,0.767412,0.221998,0.417306,0.604561
24.760,0.769785,0.221783,0.425793,0.601733
24.770,0.775386,0.223982,0.425840,0.608043
24.780,0.791958,0.228222,0.440985,0.616963
24.790,0.787674,0.232278,0.442435,0.608875
24.800,0.788436,0.227205,0.438790,0.614388
24.810,0.769548,0.228122,0.424999,0.599616
24.820,0.753672,0.221326,0.425006,0.581727
24.830,0.762793,0.221220,0.425041,0.593510
24.840,0.757965,0.219243,0.422988,0.589512
24.850,0.768245,0.219479,0.432151,0.596049
24.860,0.775930,0.223279,0.422026,0.611643
24.870,0.766946,0.226483,0.418366,0.601566
24.880,0.774450,0.226008,0.431562,0.602036
24.890,0.768442,0.227501,0.418461,0.603024
24.900,0.773615,0.227965,0.424513,0.605228
24.910,0.773456,0.232268,0.418129,0.607828
24.920,0.782598,0.231617,0.419969,0.618416
24.930,0.781891,0.233978,0.422783,0.614705
24.940,0.788596,0.236874,0.422298,0.622446
24.950,0.784145,0.238875,0.422435,0.615931
24.960,0.773408,0.232359,0.423231,0.604189
24.970,0.783284,0.230315,0.425911,0.615702
24.980,0.797691,0.233664,0.422009,0.635311
24.991,0.802977,0.231488,0.432828,0.635488
25.000,0.809670,0.228002,0.447419,0.635135
25.010,0.799535,0.228968,0.444366,0.623994
25.020,0.778678,0.215172,0.433461,0.610042
25.030,0.780165,0.213517,0.428703,0.615858
25.040,0.798184,0.216499,0.427822,0.638118
25.051,0.802327,0.217984,0.433518,0.638963
25.061,0.799792,0.218946,0.433930,0.635165
25.070,0.769808,0.206288,0.433470,0.601791
25.080,0.768033,0.205320,0.435232,0.598574
25.090,0.770252,0.204004,0.433096,0.603406
25.100,0.775335,0.207543,0.429394,0.611302
25.111,0.773857,0.207524,0.423879,0.613282
25.120,0.770673,0.208499,0.429414,0.605036
25.130,0.781884,0.207958,0.443543,0.609398
25.140,0.773797,0.203643,0.421788,0.615944
25.150,0.769614,0.203551,0.410983,0.618034
25.160,0.771818,0.200150,0.413120,0.620464
25.170,0.765020,0.205644,0.407091,0.614201
25.180,0.758483,0.207183,0.402492,0.608582
25.190,0.747252,0.200627,0.399643,0.598681
25.200,0.769422,0.223227,0.404944,0.614979
25.210,0.769071,0.223499,0.407681,0.612629
25.220,0.769982,0.224162,0.410388,0.611723
25.230,0.774191,0.226132,0.408461,0.617572
25.240,0.762962,0.225584,0.404992,0.605974
25.251,0.765380,0.224298,0.404679,0.609698
25.260,0.774746,0.226475,0.396187,0.626079
25.270,0.774857,0.223880,0.407218,0.620044
25.280,0.761331,0.220878,0.389856,0.615508
25.290,0.761256,0.216581,0.388568,0.617753
25.300,0.758689,0.216236,0.388520,0.614738
25.310,0.756396,0.213591,0.389357,0.612303
25.320,0.751044,0.213954,0.390862,0.604581
25.330,0.743213,0.213865,0.392256,0.593938
25.340,0.746825,0.216375,0.396910,0.594468
25.350,0.742520,0.215985,0.392339,0.592247
25.360,0.740267,0.223067,0.393687,0.585873
25.368,0.746828,0.220036,0.402029,0.589669
25.380,0.746234,0.220138,0.397368,0.592033
25.388,0.769004,0.229667,0.400191,0.615197
25.399,0.759247,0.233055,0.389207,0.608818
25.409,0.753326,0.228825,0.386149,0.605003
25.419,0.748651,0.228232,0.396493,0.592607
25.429,0.747359,0.227494,0.393765,0.593078
25.439,0.739229,0.224554,0.394193,0.583650
25.449,0.742815,0.223919,0.401127,0.583721
25.459,0.747403,0.224400,0.399614,0.590393
25.469,0.739334,0.223978,0.396737,0.582279
25.479,0.729236,0.220505,0.402619,0.566622
25.489,0.733425,0.220358,0.393688,0.578242
25.499,0.727240,0.224484,0.380660,0.577566
25.510,0.730332,0.222269,0.387490,0.577783
25.519,0.729657,0.229641,0.385051,0.575674
25.529,0.722415,0.229181,0.384888,0.566764
25.539,0.701132,0.222283,0.385541,0.541789
25.549,0.711386,0.228213,0.381175,0.555603
25.560,0.712200,0.228525,0.375230,0.560542
25.570,0.710235,0.228952,0.375543,0.557658
25.580,0.711283,0.227109,0.374339,0.560550
25.589,0.716629,0.230206,0.374859,0.565723
25.599,0.708291,0.229548,0.374689,0.555511
25.609,0.708515,0.229614,0.378368,0.553271
25.619,0.712284,0.228437,0.382984,0.555418
25.629,0.708972,0.233505,0.376296,0.553641
25.639,0.703179,0.233737,0.371817,0.549163
25.649,0.703849,0.234088,0.376990,0.546338
25.660,0.699541,0.233917,0.375525,0.541869
25.670,0.698763,0.227016,0.378589,0.541667
25.680,0.705900,0.239229,0.388293,0.538789
25.689,0.701723,0.238985,0.387751,0.533809
25.699,0.676038,0.215332,0.384587,0.512594
25.710,0.685132,0.220201,0.383131,0.523573
25.720,0.685717,0.223031,0.378604,0.526426
25.729,0.684562,0.221444,0.386224,0.520018
25.740,0.687817,0.221612,0.389467,0.521820
25.749,0.685131,0.223652,0.391870,0.515579
25.760,0.669863,0.226065,0.395252,0.491311
25.770,0.661136,0.227151,0.383304,0.488448
25.779,0.662506,0.226009,0.387366,0.487629
25.789,0.659954,0.227005,0.388376,0.482879
25.800,0.660271,0.227712,0.389862,0.481781
25.809,0.661501,0.231300,0.389040,0.482424
25.820,0.662164,0.230366,0.391181,0.482048
25.830,0.664545,0.229417,0.391554,0.485462
25.840,0.661042,0.229747,0.386621,0.484476
25.850,0.660161,0.234611,0.386150,0.481309
25.860,0.644085,0.222485,0.388731,0.462854
25.870,0.637702,0.227565,0.379742,0.458993
25.880,0.634825,0.231394,0.370256,0.460837
25.890,0.608004,0.224858,0.366623,0.429762
25.900,0.602560,0.220526,0.364603,0.426041
25.910,0.600722,0.221261,0.365384,0.422380
25.920,0.604033,0.226570,0.352479,0.435063
25.930,0.609086,0.228582,0.350343,0.442715
25.940,0.611672,0.227949,0.354087,0.443626
25.950,0.618470,0.226587,0.357059,0.451300
25.960,0.639780,0.227906,0.360582,0.476821
25.970,0.659586,0.232560,0.357464,0.503180
25.980,0.653836,0.231977,0.352347,0.499540
25.990,0.637443,0.232329,0.347763,0.481059
26.000,0.646635,0.230894,0.350578,0.491854
26.010,0.656041,0.231466,0.359654,0.497456
26.020,0.651761,0.224237,0.356579,0.497355
26.030,0.652666,0.226588,0.357986,0.496465
26.040,0.658442,0.228636,0.361358,0.500691
26.050,0.652229,0.222930,0.361192,0.495223
26.060,0.651487,0.222358,0.360961,0.494671
26.070,0.655804,0.226985,0.363426,0.496466
26.080,0.658459,0.229771,0.371616,0.492620
26.090,0.652757,0.229599,0.376216,0.481496
26.100,0.659699,0.226670,0.389895,0.481462
26.110,0.659919,0.233528,0.385384,0.482117
26.120,0.653448,0.233126,0.377435,0.479781
26.130,0.644469,0.230807,0.373446,0.471812
26.140,0.642930,0.230006,0.374367,0.469367
26.150,0.654256,0.228984,0.388474,0.474031
26.160,0.670212,0.229819,0.388813,0.495169
26.170,0.697404,0.232944,0.385989,0.532092
26.180,0.691917,0.217302,0.376079,0.538602
26.190,0.700753,0.219239,0.388130,0.540689
26.200,0.715747,0.217824,0.385477,0.562365
26.210,0.711457,0.212095,0.386653,0.558288
26.220,0.710362,0.210323,0.386988,0.557332
26.230,0.712871,0.210397,0.387048,0.560457
26.240,0.720705,0.209441,0.383233,0.573309
26.250,0.729181,0.215390,0.399872,0.570452
26.260,0.731530,0.210159,0.401827,0.574026
26.270,0.734634,0.211525,0.407615,0.573406
26.280,0.732802,0.214857,0.400131,0.575092
26.290,0.734074,0.216510,0.397580,0.577856
26.300,0.751340,0.222007,0.396857,0.598105
26.310,0.754546,0.220672,0.398507,0.601528
26.320,0.755771,0.222422,0.393039,0.606002
26.330,0.763282,0.223570,0.391632,0.615825
26.340,0.774210,0.227620,0.391168,0.628154
26.350,0.773570,0.222949,0.388932,0.630425
26.360,0.773752,0.222513,0.385846,0.632695
26.370,0.780065,0.221024,0.386576,0.640475
26.380,0.775706,0.216593,0.390016,0.634583
26.390,0.781529,0.214015,0.402525,0.634790
26.400,0.783495,0.212885,0.407491,0.634425
26.410,0.787753,0.212090,0.417825,0.633242
26.420,0.791046,0.205858,0.415084,0.641156
26.430,0.788289,0.202775,0.415805,0.638270
26.440,0.790877,0.203665,0.416003,0.641052
26.450,0.784843,0.203791,0.413235,0.635362
26.460,0.774463,0.201804,0.406586,0.627500
26.470,0.762529,0.201741,0.405155,0.613678
26.480,0.769029,0.204242,0.410168,0.617618
26.490,0.779081,0.203797,0.413393,0.628124
26.500,0.790681,0.201949,0.413391,0.643041
26.510,0.779950,0.205146,0.395452,0.640199
26.520,0.782024,0.204756,0.399372,0.640421
26.530,0.782189,0.205356,0.399527,0.640333
26.540,0.781041,0.208208,0.398405,0.638708
26.550,0.773927,0.205896,0.394275,0.633338
26.560,0.776939,0.209435,0.394359,0.635808
26.570,0.777134,0.203594,0.393739,0.638323
26.580,0.775291,0.200856,0.391036,0.638611
26.590,0.793427,0.199243,0.390204,0.661490
26.600,0.808494,0.200933,0.381619,0.683853
26.610,0.817114,0.195511,0.394077,0.688588
26.620,0.821669,0.195510,0.404407,0.688019
26.630,0.813810,0.192491,0.399034,0.682646
26.640,0.815187,0.192523,0.402061,0.682505
26.650,0.812975,0.192525,0.399083,0.681612
26.660,0.800163,0.194289,0.396018,0.667594
26.670,0.774018,0.191179,0.401892,0.633275
26.680,0.772205,0.192651,0.401832,0.630648
26.690,0.776547,0.195440,0.394739,0.639538
26.700,0.780952,0.210922,0.394725,0.639992
26.710,0.780316,0.211832,0.401961,0.634387
26.720,0.789330,0.209882,0.407825,0.642393
26.730,0.795717,0.215126,0.403863,0.650985
26.740,0.794470,0.220614,0.406427,0.646010
26.750,0.783254,0.212248,0.392870,0.643499
26.760,0.778855,0.212189,0.387570,0.641389
26.770,0.777398,0.214407,0.381992,0.642230
26.780,0.776013,0.213109,0.384350,0.639575
26.790,0.776105,0.211917,0.386442,0.638822
26.800,0.768338,0.204955,0.408538,0.617603
26.810,0.764697,0.203656,0.406234,0.615028
26.820,0.760355,0.203487,0.405640,0.610073
26.830,0.756238,0.202681,0.406943,0.604329
26.840,0.751186,0.202837,0.405949,0.598617
26.850,0.754303,0.203874,0.403012,0.604144
26.860,0.754177,0.208297,0.402742,0.602656
26.870,0.766459,0.205951,0.401917,0.619279
26.880,0.777256,0.212133,0.401199,0.631004
26.890,0.772445,0.210778,0.389228,0.633045
26.900,0.774754,0.211769,0.384541,0.638378
26.910,0.781909,0.212375,0.374000,0.652996
26.920,0.805037,0.220921,0.376408,0.676458
26.930,0.809501,0.222425,0.378532,0.680097
26.940,0.819369,0.220603,0.394063,0.683678
26.950,0.834221,0.220480,0.403544,0.696036
26.960,0.846203,0.220595,0.406575,0.708586
26.970,0.842055,0.220257,0.407813,0.703017
26.980,0.842435,0.219239,0.412288,0.701177
26.990,0.831268,0.221753,0.408167,0.689370
27.000,0.823908,0.224373,0.406335,0.680715
27.010,0.834129,0.242182,0.402493,0.689289
27.020,0.836036,0.242426,0.406372,0.689237
27.030,0.846221,0.239527,0.425754,0.690977
27.040,0.858955,0.240788,0.427693,0.704914
27.050,0.856444,0.246692,0.423563,0.702307
27.060,0.853762,0.243734,0.427698,0.697551
27.070,0.857015,0.243657,0.431246,0.699381
27.080,0.856148,0.244759,0.429321,0.699118
27.090,0.838545,0.247060,0.424679,0.679534
27.100,0.819749,0.248179,0.423200,0.656732
27.110,0.817441,0.247600,0.420095,0.656068
27.120,0.811907,0.251737,0.407754,0.655406
27.130,0.810940,0.251886,0.412202,0.651358
27.140,0.815121,0.254678,0.413691,0.654539
27.150,0.814189,0.258062,0.404673,0.657683
27.160,0.829659,0.261721,0.409300,0.672539
27.170,0.833108,0.261545,0.413895,0.674058
27.180,0.835218,0.260809,0.415173,0.676165
27.190,0.845681,0.264547,0.414678,0.687920
27.200,0.840365,0.258052,0.415718,0.683228
27.210,0.843786,0.262184,0.421043,0.682610
27.220,0.842958,0.263249,0.424845,0.678812
27.230,0.844196,0.259902,0.425274,0.681366
27.240,0.852867,0.259604,0.424695,0.692547
27.250,0.866076,0.263402,0.447334,0.693253
27.260,0.865673,0.264455,0.446514,0.692877
27.270,0.862074,0.261324,0.446407,0.689639
27.280,0.867925,0.269017,0.448125,0.692899
27.290,0.866383,0.268886,0.446167,0.692283
27.300,0.870001,0.272695,0.436812,0.701238
27.310,0.869908,0.272575,0.436627,0.701284
27.320,0.880924,0.270958,0.452684,0.705469
27.330,0.892535,0.271443,0.455549,0.717923
27.340,0.908080,0.269781,0.456683,0.737068
27.350,0.916539,0.270481,0.465224,0.741924
27.360,0.922252,0.266528,0.478223,0.742169
27.370,0.908098,0.266883,0.478210,0.724383
27.380,0.901863,0.266608,0.476162,0.718015
27.390,0.902842,0.276060,0.475382,0.716189
27.400,0.899457,0.274931,0.473654,0.713504
27.410,0.889536,0.274490,0.476346,0.699303
27.420,0.861908,0.272485,0.474791,0.665741
27.430,0.863601,0.270743,0.481975,0.663479
27.440,0.859923,0.273388,0.465897,0.669079
27.450,0.846962,0.277074,0.453890,0.659211
27.460,0.833547,0.276961,0.463421,0.635085
27.470,0.828623,0.272322,0.463349,0.630685
27.480,0.827306,0.271822,0.453969,0.635971
27.490,0.827403,0.274191,0.455836,0.633741
27.500,0.819751,0.272716,0.455910,0.624311
27.510,0.807020,0.258272,0.458577,0.611787
27.520,0.803946,0.257462,0.453973,0.611516
27.530,0.793386,0.260221,0.433985,0.611068
27.540,0.817009,0.265995,0.434666,0.638605
27.550,0.834558,0.269149,0.443170,0.653946
27.560,0.838584,0.269051,0.449497,0.654818
27.570,0.840281,0.269180,0.452531,0.654851
27.580,0.850500,0.271710,0.451981,0.667261
27.590,0.850083,0.270085,0.451571,0.667666
27.600,0.856497,0.269381,0.463583,0.667916
27.610,0.849634,0.268593,0.455982,0.664693
27.620,0.846191,0.263927,0.455309,0.662628
27.630,0.844530,0.265598,0.449899,0.663535
27.640,0.850863,0.268989,0.447994,0.671501
27.650,0.869795,0.269538,0.448650,0.694698
27.660,0.858644,0.261778,0.449073,0.683429
27.670,0.864108,0.261367,0.441158,0.695520
27.680,0.874249,0.261011,0.437813,0.710285
27.690,0.866607,0.262030,0.436918,0.701035
27.700,0.863303,0.254488,0.448417,0.692423
27.710,0.856521,0.253537,0.436553,0.691931
27.720,0.850569,0.252346,0.428162,0.690265
27.730,0.838066,0.253970,0.424326,0.676610
27.740,0.822432,0.247647,0.421745,0.661209
27.750,0.812412,0.244822,0.398288,0.664411
27.760,0.811739,0.244449,0.395401,0.665449
27.770,0.813333,0.244038,0.398241,0.665854
27.780,0.825560,0.232232,0.395893,0.686212
27.790,0.832878,0.236477,0.396163,0.693412
27.800,0.835419,0.242178,0.403298,0.690380
27.810,0.846274,0.242584,0.417583,0.694951
27.820,0.843205,0.243747,0.401137,0.700479
27.830,0.838406,0.246411,0.397658,0.695754
27.840,0.827241,0.248916,0.410130,0.673916
27.850,0.813245,0.247315,0.405121,0.660364
27.860,0.806637,0.247283,0.392383,0.659963
27.870,0.811098,0.251136,0.394741,0.662563
27.880,0.808059,0.248517,0.395554,0.659345
27.890,0.812526,0.235736,0.414578,0.657839
27.900,0.810820,0.235605,0.415580,0.655144
27.910,0.808831,0.235587,0.411448,0.655299
27.920,0.808089,0.232792,0.413402,0.654152
27.930,0.810300,0.238840,0.402547,0.661435
27.940,0.802379,0.237425,0.401938,0.652600
27.950,0.804464,0.236885,0.417457,0.645583
27.960,0.798438,0.237073,0.406215,0.645205
27.970,0.802474,0.239099,0.409184,0.647583
27.980,0.804976,0.245647,0.409518,0.648027
27.990,0.813213,0.245365,0.422860,0.649846
28.000,0.816877,0.245113,0.429498,0.650184
28.010,0.819566,0.236782,0.430203,0.656162
28.020,0.841566,0.244893,0.432129,0.679356
28.030,0.845392,0.244736,0.434544,0.682615
28.040,0.825189,0.234080,0.454933,0.647441
28.050,0.807353,0.221298,0.451302,0.631801
28.060,0.804069,0.221479,0.441809,0.634255
28.070,0.797664,0.221543,0.436239,0.629985
28.080,0.793947,0.218195,0.440807,0.623243
28.090,0.789583,0.214637,0.439293,0.619995
28.100,0.789862,0.220507,0.438891,0.618574
28.110,0.792866,0.231117,0.439423,0.618165
28.120,0.797112,0.231734,0.443301,0.620622
28.130,0.803108,0.230169,0.442859,0.629191
28.140,0.798632,0.226613,0.455117,0.615896
28.150,0.779479,0.225093,0.461451,0.586502
28.160,0.782285,0.225041,0.459473,0.591787
28.170,0.797546,0.232287,0.460188,0.608563
28.180,0.788192,0.233686,0.465603,0.591483
28.190,0.788234,0.227525,0.481629,0.581015
28.200,0.784925,0.227073,0.473962,0.583014
28.210,0.786187,0.223437,0.471400,0.588174
28.220,0.782189,0.223248,0.468633,0.585118
28.230,0.784701,0.224496,0.471879,0.585396
28.240,0.789042,0.224479,0.471964,0.591140
28.250,0.796043,0.224147,0.480776,0.593546
28.260,0.799098,0.232761,0.480998,0.594156
28.270,0.803607,0.232784,0.487680,0.594781
28.280,0.786986,0.236784,0.489205,0.569173
28.290,0.783032,0.231361,0.500398,0.556068
28.300,0.768618,0.224340,0.485563,0.551973
28.310,0.773826,0.231781,0.475681,0.564635
28.320,0.784046,0.240593,0.473941,0.576388
28.330,0.776131,0.235344,0.485781,0.557682
28.340,0.775602,0.231743,0.489568,0.555137
28.350,0.791884,0.238441,0.486704,0.577361
28.360,0.790658,0.239039,0.484637,0.577172
28.370,0.790407,0.233481,0.498802,0.566944
28.380,0.794063,0.233427,0.502885,0.568467
28.390,0.786470,0.233557,0.490497,0.568682
28.400,0.787190,0.237295,0.489851,0.568687
28.410,0.797019,0.237422,0.489605,0.582372
28.420,0.813123,0.241834,0.493633,0.599176
28.430,0.816267,0.238050,0.506719,0.594020
28.440,0.825496,0.235243,0.520302,0.596147
28.450,0.834905,0.235867,0.507918,0.619235
28.460,0.834270,0.241464,0.503854,0.619543
28.470,0.831507,0.238760,0.505195,0.615772
28.480,0.821544,0.230637,0.505092,0.605494
28.490,0.813384,0.229940,0.494172,0.603751
28.500,0.810918,0.230070,0.487757,0.605598
28.510,0.826322,0.237414,0.486494,0.624312
28.520,0.815882,0.227059,0.487196,0.613799
28.530,0.811839,0.226044,0.486874,0.609049
28.540,0.816007,0.225421,0.478021,0.621730
28.550,0.823634,0.226715,0.475218,0.633357
28.560,0.822510,0.229644,0.475849,0.630361
28.570,0.825585,0.229029,0.481558,0.630269
28.580,0.825484,0.229055,0.486715,0.626152
28.590,0.828651,0.227426,0.488362,0.629638
28.600,0.831617,0.227318,0.481437,0.638852
28.610,0.835837,0.222671,0.481303,0.646056
28.620,0.837732,0.222323,0.485694,0.645344
28.630,0.836105,0.219606,0.495032,0.637016
28.640,0.845143,0.227997,0.486202,0.652605
28.650,0.853962,0.245460,0.479585,0.662570
28.660,0.846387,0.246275,0.475867,0.655188
28.670,0.827191,0.237370,0.478574,0.631560
28.680,0.821783,0.236511,0.474401,0.627959
28.690,0.820394,0.236642,0.471044,0.628621
28.700,0.834997,0.236754,0.474753,0.644808
28.710,0.831537,0.237988,0.474679,0.639919
28.720,0.837864,0.241629,0.485025,0.639048
28.730,0.837135,0.244157,0.482089,0.639354
28.740,0.833373,0.245486,0.482910,0.633280
28.750,0.824197,0.245622,0.475035,0.627147
28.760,0.849564,0.242751,0.481701,0.656350
28.770,0.863064,0.247400,0.477676,0.674906
28.780,0.862951,0.243366,0.480635,0.674127
28.790,0.864568,0.243471,0.477090,0.678664
28.800,0.866373,0.244033,0.477218,0.680671
28.810,0.849885,0.236155,0.475337,0.663770
28.820,0.846985,0.227240,0.494327,0.649143
28.830,0.839727,0.227524,0.482362,0.648614
28.840,0.843762,0.228908,0.482955,0.652908
28.850,0.833170,0.221273,0.481916,0.642626
28.860,0.842554,0.220989,0.484461,0.652962
28.870,0.839537,0.220032,0.478142,0.654055
28.880,0.838545,0.220489,0.473636,0.655905
28.890,0.837191,0.220959,0.470982,0.655928
28.900,0.844738,0.223483,0.483080,0.655951
28.910,0.851196,0.223089,0.490563,0.658873
28.920,0.846203,0.222262,0.487210,0.655199
28.930,0.838218,0.222113,0.475974,0.653242
28.940,0.843079,0.222850,0.494408,0.645508
28.950,0.830663,0.221380,0.494437,0.629701
28.960,0.829630,0.214643,0.497874,0.627962
28.970,0.830990,0.228417,0.490177,0.630949
28.980,0.846199,0.231274,0.491403,0.648914
28.990,0.851581,0.234585,0.492371,0.654011
29.000,0.853234,0.238853,0.495258,0.652439
29.010,0.837086,0.230369,0.498651,0.631657
29.020,0.834218,0.234426,0.495918,0.628513
29.030,0.833811,0.234337,0.495480,0.628352
29.040,0.830479,0.237121,0.484182,0.631694
29.050,0.829652,0.240480,0.492051,0.623200
29.060,0.836697,0.238989,0.502484,0.624865
29.070,0.840317,0.239482,0.502603,0.629421
29.080,0.836315,0.239454,0.494495,0.630523
29.090,0.843190,0.247392,0.506244,0.627283
29.100,0.836395,0.245611,0.504517,0.620237
29.110,0.843981,0.247936,0.507485,0.627129
29.120,0.842408,0.245599,0.508640,0.624994
29.130,0.845025,0.245554,0.501117,0.634548
29.140,0.832323,0.235700,0.500356,0.621973
29.150,0.821980,0.221831,0.500369,0.613248
29.160,0.827754,0.221971,0.500188,0.621061
29.170,0.827778,0.226767,0.496051,0.622677
29.180,0.831444,0.226402,0.502596,0.622446
29.190,0.824678,0.225417,0.493066,0.621423
29.200,0.812719,0.228641,0.486755,0.609348
29.210,0.815242,0.232956,0.488489,0.609696
29.220,0.811840,0.231168,0.479030,0.613331
29.230,0.824930,0.231101,0.478693,0.630837
29.240,0.833572,0.230440,0.487917,0.635356
29.250,0.840163,0.230110,0.490879,0.641842
29.260,0.817112,0.222535,0.487064,0.617187
29.270,0.800155,0.219349,0.483483,0.598647
29.280,0.797654,0.220755,0.476643,0.600275
29.290,0.799783,0.227346,0.469813,0.606006
29.300,0.795834,0.226058,0.468960,0.601935
29.310,0.798571,0.228724,0.472250,0.601982
29.320,0.800197,0.228391,0.453183,0.618691
29.330,0.812282,0.234270,0.451783,0.633097
29.340,0.799888,0.233508,0.438543,0.626876
29.350,0.799799,0.233659,0.446862,0.620803
29.360,0.794192,0.236563,0.448948,0.610921
29.370,0.790576,0.236199,0.444427,0.609676
29.380,0.788840,0.236185,0.445039,0.606980
29.390,0.792307,0.235789,0.444369,0.612119
29.400,0.801537,0.248912,0.436548,0.624444
29.410,0.792851,0.251090,0.435592,0.613046
29.420,0.782796,0.244701,0.441913,0.598000
29.430,0.795437,0.248351,0.446757,0.609467
29.440,0.774750,0.249781,0.406966,0.610103
29.450,0.778504,0.248970,0.407292,0.614976
29.460,0.791466,0.248840,0.405892,0.632257
29.470,0.792295,0.240301,0.416818,0.629484
29.480,0.779732,0.238133,0.420789,0.611728
29.490,0.784739,0.234387,0.425506,0.616297
29.500,0.788850,0.229582,0.423341,0.624787
29.510,0.795782,0.237875,0.428459,0.626983
29.520,0.793779,0.235955,0.439048,0.617776
29.530,0.797842,0.236579,0.438298,0.623279
29.540,0.784793,0.234088,0.437724,0.607865
29.550,0.774542,0.230193,0.431428,0.600664
29.560,0.777913,0.230329,0.420956,0.612285
29.570,0.777748,0.229770,0.411069,0.618967
29.580,0.782701,0.233081,0.414271,0.621831
29.590,0.780978,0.225244,0.415028,0.622048
29.600,0.778973,0.225621,0.412920,0.620798
29.610,0.765894,0.221402,0.406620,0.610110
29.620,0.761800,0.222749,0.395762,0.611633
29.630,0.767770,0.223191,0.393535,0.620312
29.640,0.791610,0.227805,0.397880,0.645324
29.650,0.803148,0.230300,0.413394,0.648933
29.660,0.796009,0.229776,0.414380,0.639627
29.670,0.794094,0.227133,0.416205,0.637001
29.680,0.797595,0.228274,0.411864,0.643752
29.690,0.793956,0.234162,0.412796,0.636500
29.700,0.806329,0.232974,0.415738,0.650424
29.710,0.812643,0.227657,0.418496,0.658348
29.720,0.825253,0.227324,0.444030,0.657421
29.730,0.816745,0.223864,0.450183,0.643655
29.740,0.811188,0.227364,0.446264,0.638107
29.750,0.804055,0.227472,0.441107,0.632602
29.760,0.804524,0.227860,0.453526,0.624223
29.770,0.811614,0.231656,0.453496,0.631976
29.780,0.825469,0.232205,0.475552,0.633506
29.790,0.826947,0.226596,0.493819,0.623409
29.800,0.833678,0.225413,0.503766,0.624842
29.810,0.838916,0.222476,0.514008,0.624565
29.820,0.846265,0.222524,0.525319,0.625050
29.830,0.858034,0.217061,0.533188,0.636253
29.840,0.860888,0.221886,0.532602,0.638928
29.850,0.862326,0.221436,0.539878,0.634905
29.860,0.865505,0.219842,0.546968,0.633715
29.870,0.861585,0.220361,0.539748,0.634382
29.880,0.865612,0.219264,0.545715,0.635140
29.890,0.881307,0.219411,0.552538,0.650586
29.900,0.871456,0.203012,0.549346,0.645321
29.910,0.867938,0.208937,0.542985,0.644072
29.920,0.868775,0.208544,0.537992,0.649495
29.930,0.856333,0.209047,0.532255,0.637424
29.940,0.855465,0.208560,0.532800,0.635961
29.950,0.864317,0.209979,0.543357,0.638527
29.960,0.872374,0.213081,0.547893,0.644551
29.970,0.865983,0.209685,0.540387,0.643383
29.980,0.869024,0.209871,0.536901,0.650303
29.990,0.862728,0.216175,0.529752,0.645701
30.000,0.864341,0.220012,0.537224,0.640367
30.010,0.850316,0.212320,0.528766,0.631160
30.020,0.845998,0.212521,0.519401,0.633064
30.030,0.851862,0.217218,0.527598,0.632554
30.040,0.852447,0.216086,0.527634,0.633700
30.050,0.878147,0.218569,0.527049,0.667525
30.060,0.880754,0.224891,0.529729,0.666737
30.070,0.879495,0.224939,0.538508,0.657969
30.080,0.877643,0.221792,0.541441,0.654146
30.090,0.872315,0.221902,0.532075,0.654668
30.100,0.869915,0.226609,0.531928,0.649964
30.110,0.880954,0.224769,0.539884,0.658851
30.120,0.887080,0.225983,0.539882,0.666611
30.130,0.888026,0.229724,0.553269,0.655523
30.140,0.864317,0.223884,0.554523,0.624038
30.150,0.855934,0.221103,0.544376,0.622408
30.160,0.859717,0.220957,0.550496,0.622291
30.170,0.861660,0.220367,0.552017,0.623837
30.180,0.863168,0.218695,0.544703,0.632874
30.190,0.867246,0.213965,0.543942,0.640673
30.200,0.856069,0.211193,0.550760,0.620415
30.210,0.860838,0.211606,0.566666,0.612498
30.220,0.849029,0.211852,0.552168,0.609163
30.230,0.857319,0.212128,0.557668,0.615633
30.240,0.861310,0.209530,0.551941,0.627146
30.250,0.876226,0.211968,0.558198,0.641292
30.260,0.874899,0.214097,0.554574,0.641918
30.270,0.868141,0.210290,0.554209,0.634271
30.280,0.853068,0.208474,0.534138,0.631633
30.290,0.845271,0.209755,0.520547,0.632074
30.300,0.848241,0.209127,0.517417,0.638795
30.310,0.858131,0.211127,0.502281,0.662969
30.318,0.849330,0.220460,0.492311,0.656040
30.328,0.839868,0.221950,0.507511,0.631307
30.338,0.836878,0.219778,0.506223,0.629127
30.348,0.829120,0.221228,0.492719,0.629067
30.358,0.823993,0.223274,0.483169,0.629016
30.368,0.836305,0.221101,0.483602,0.645484
30.378,0.857211,0.228698,0.474679,0.676157
30.388,0.845420,0.231885,0.469360,0.663826
30.398,0.845436,0.229019,0.480927,0.656522
30.408,0.850316,0.223586,0.491790,0.656651
30.420,0.846395,0.222915,0.492861,0.650986
30.430,0.845978,0.226010,0.492112,0.649942
30.440,0.852392,0.222478,0.493999,0.658058
30.450,0.842750,0.226404,0.480666,0.654163
30.460,0.823613,0.224176,0.475562,0.633976
30.470,0.826721,0.224321,0.483030,0.632321
30.480,0.827412,0.224311,0.493083,0.625431
30.490,0.822244,0.218353,0.494125,0.619877
30.500,0.829635,0.213565,0.490173,0.634362
30.510,0.836247,0.212632,0.489032,0.644162
30.520,0.842317,0.228615,0.489685,0.646097
30.530,0.835785,0.224336,0.487649,0.640632
30.540,0.834927,0.224880,0.487487,0.639444
30.550,0.804495,0.220255,0.484944,0.602933
30.560,0.790235,0.214275,0.479438,0.590506
30.570,0.792409,0.212857,0.468110,0.602891
30.580,0.812656,0.215547,0.462501,0.632489
30.590,0.813521,0.219609,0.463446,0.631511
30.600,0.820817,0.216011,0.469082,0.637999
30.610,0.811716,0.218982,0.459233,0.632483
30.620,0.809193,0.215461,0.467702,0.624200
30.630,0.795634,0.211862,0.454491,0.617726
30.640,0.803172,0.213900,0.447294,0.631870
30.650,0.811526,0.217427,0.453843,0.636652
30.661,0.809217,0.221187,0.447953,0.636590
30.670,0.804940,0.222098,0.445598,0.632490
30.680,0.797836,0.228832,0.446896,0.620050
30.690,0.798176,0.227344,0.457293,0.613419
30.700,0.798454,0.226673,0.445093,0.622930
30.710,0.790573,0.231596,0.419761,0.628626
30.720,0.788531,0.234615,0.415278,0.627917
30.730,0.779946,0.234681,0.402445,0.625522
30.740,0.781641,0.235085,0.402837,0.627232
30.750,0.768961,0.236139,0.398725,0.613643
30.760,0.766657,0.234848,0.395543,0.613315
30.770,0.775081,0.235458,0.398970,0.621396
30.780,0.778465,0.236810,0.397317,0.626154
30.790,0.780136,0.236516,0.402058,0.625317
30.800,0.772934,0.239553,0.392278,0.621417
30.810,0.758033,0.239166,0.396601,0.600102
30.820,0.749545,0.230181,0.398802,0.591432
30.830,0.737635,0.227923,0.372193,0.594667
30.840,0.749575,0.226729,0.378923,0.605702
30.850,0.747182,0.225538,0.374537,0.605916
30.860,0.759364,0.222000,0.392601,0.610913
30.870,0.748095,0.228392,0.392284,0.594640
30.880,0.729534,0.223594,0.411607,0.559290
30.890,0.734253,0.221131,0.427224,0.554714
30.900,0.745191,0.223587,0.419752,0.573696
30.910,0.747730,0.226066,0.408425,0.584109
30.920,0.747081,0.225910,0.406515,0.584671
30.930,0.752182,0.218218,0.413446,0.589255
30.940,0.745440,0.222156,0.410557,0.581180
30.950,0.742041,0.219123,0.417158,0.573227
30.960,0.746965,0.222697,0.420536,0.575771
30.970,0.747610,0.225270,0.411867,0.581841
30.980,0.757325,0.241232,0.401010,0.595432
30.990,0.760614,0.241378,0.405346,0.596628
31.000,0.750476,0.240639,0.411530,0.579612
31.010,0.739468,0.236564,0.412070,0.566611
31.020,0.748690,0.222065,0.435442,0.567110
31.030,0.753910,0.222074,0.431345,0.577067
31.040,0.763550,0.227562,0.432588,0.586594
31.051,0.771748,0.239836,0.438182,0.588278
31.060,0.773727,0.239754,0.442420,0.587738
31.070,0.771487,0.240815,0.454735,0.574818
31.080,0.750622,0.238251,0.454944,0.547444
31.090,0.751520,0.235713,0.456442,0.548528
31.100,0.759686,0.236148,0.451094,0.563800
31.110,0.764057,0.235287,0.451265,0.569897
31.120,0.758068,0.236234,0.442582,0.568315
31.130,0.757813,0.235767,0.443272,0.567630
31.140,0.755079,0.234952,0.443137,0.564421
31.150,0.746606,0.236645,0.436086,0.557897
31.160,0.748253,0.235544,0.437714,0.559293
31.170,0.747568,0.234946,0.435842,0.560088
31.180,0.753500,0.235014,0.441989,0.563184
31.190,0.749746,0.235701,0.437168,0.561648
31.200,0.754329,0.235699,0.447258,0.559839
31.210,0.755274,0.231721,0.447933,0.562228
31.220,0.754617,0.228064,0.448575,0.562330
31.230,0.756444,0.228367,0.453719,0.560532
31.240,0.745056,0.228720,0.454041,0.544648
31.250,0.743904,0.230518,0.452127,0.543908
31.260,0.739148,0.234554,0.446657,0.540205
31.270,0.745960,0.233723,0.449783,0.547289
31.280,0.760662,0.243601,0.449520,0.563202
31.290,0.756442,0.242409,0.443237,0.563014
31.300,0.753582,0.239026,0.443033,0.560779
31.310,0.749795,0.240288,0.439932,0.557596
31.320,0.750106,0.241738,0.442752,0.555151
31.330,0.752960,0.241392,0.442513,0.559341
31.340,0.760147,0.242081,0.437850,0.572283
31.350,0.769842,0.253994,0.438154,0.579796
31.360,0.765534,0.257020,0.435565,0.574687
31.370,0.765570,0.250887,0.441783,0.572697
31.380,0.756595,0.249702,0.426905,0.572570
31.390,0.745938,0.251143,0.409561,0.570623
31.400,0.730569,0.248556,0.402160,0.556972
31.410,0.742074,0.246460,0.403443,0.571984
31.420,0.752560,0.249011,0.413348,0.577481
31.430,0.750219,0.251377,0.414345,0.572674
31.440,0.749143,0.249469,0.414269,0.572156
31.450,0.747451,0.248228,0.409446,0.573951
31.460,0.744731,0.251518,0.406419,0.571127
31.470,0.745592,0.248963,0.415211,0.567031
31.480,0.732470,0.235606,0.413697,0.556648
31.490,0.733451,0.236345,0.413536,0.557745
31.500,0.730030,0.236604,0.407548,0.557554
31.510,0.750877,0.238365,0.419537,0.575314
31.520,0.744753,0.240247,0.394662,0.584107
31.530,0.739187,0.241627,0.397435,0.574508
31.540,0.734098,0.236063,0.404934,0.564981
31.550,0.736693,0.229242,0.402722,0.572696
31.560,0.734867,0.228993,0.399354,0.572807
31.570,0.726925,0.228474,0.387220,0.571210
31.580,0.728764,0.226522,0.387620,0.574052
31.590,0.727708,0.228203,0.382211,0.575671
31.600,0.717599,0.226715,0.393773,0.555419
31.610,0.711200,0.226483,0.397990,0.544164
31.620,0.711129,0.225184,0.398833,0.543993
31.630,0.713664,0.225352,0.403131,0.544076
31.640,0.706986,0.224481,0.402913,0.535816
31.650,0.713466,0.219444,0.404782,0.545005
31.660,0.718717,0.226878,0.403445,0.549830
31.670,0.714277,0.225598,0.403450,0.544542
31.680,0.703453,0.219482,0.395091,0.539051
31.690,0.706752,0.221062,0.390769,0.545829
31.700,0.695705,0.221682,0.383461,0.536490
31.710,0.690564,0.222058,0.383716,0.529462
31.720,0.697024,0.222424,0.380709,0.539843
31.730,0.696023,0.224328,0.372791,0.543278
31.740,0.704896,0.222501,0.385251,0.546765
31.750,0.706609,0.217873,0.383699,0.551908
31.760,0.708976,0.212916,0.383699,0.556856
31.770,0.701468,0.220777,0.379486,0.547088
31.780,0.680664,0.207798,0.379435,0.525502
31.790,0.684544,0.210417,0.380372,0.528812
31.800,0.683551,0.210425,0.379776,0.527952
31.810,0.680484,0.207426,0.381365,0.524018
31.820,0.678038,0.206483,0.375086,0.525748
31.830,0.676235,0.206979,0.374296,0.523790
31.840,0.664173,0.210418,0.373045,0.507629
31.850,0.660177,0.196582,0.380510,0.502396
31.860,0.654080,0.195039,0.370826,0.502263
31.870,0.652977,0.195279,0.365078,0.504939
31.880,0.652388,0.198688,0.361643,0.505320
31.890,0.650972,0.195490,0.361656,0.504731
31.900,0.652762,0.197254,0.366396,0.502934
31.910,0.635900,0.196307,0.366459,0.481187
31.920,0.623384,0.192572,0.355085,0.474804
31.930,0.618930,0.192668,0.348426,0.473870
31.940,0.634782,0.189367,0.350760,0.494021
31.950,0.638341,0.192630,0.351001,0.497164
31.960,0.647664,0.200595,0.359855,0.499734
31.970,0.643818,0.201097,0.358705,0.495371
31.980,0.648434,0.198669,0.369122,0.494718
31.990,0.662361,0.203361,0.365939,0.513279
32.000,0.659174,0.203953,0.358048,0.514505
32.010,0.639543,0.201525,0.344549,0.499689
32.020,0.643050,0.203596,0.344695,0.503237
32.030,0.641494,0.201341,0.341496,0.504338
32.040,0.639420,0.201047,0.338282,0.503987
32.050,0.628011,0.195116,0.333416,0.495138
32.060,0.642416,0.195449,0.332239,0.513921
32.070,0.653888,0.208007,0.327912,0.526095
32.080,0.648437,0.209724,0.327351,0.518968
32.090,0.653378,0.210623,0.341462,0.515699
32.100,0.661159,0.210769,0.335018,0.529594
32.110,0.681572,0.212670,0.337323,0.552743
32.120,0.689470,0.213324,0.337081,0.562351
32.130,0.692631,0.213094,0.343892,0.562198
32.140,0.700303,0.213695,0.363779,0.558949
32.150,0.692797,0.213660,0.361287,0.551170
32.160,0.686901,0.210645,0.357254,0.547569
32.170,0.688059,0.218307,0.357322,0.545975
32.180,0.701563,0.217952,0.380394,0.547712
32.190,0.695983,0.215866,0.382004,0.540247
32.200,0.696209,0.215853,0.382466,0.540217
32.210,0.697552,0.214301,0.384486,0.541133
32.220,0.712560,0.220044,0.387948,0.555715
32.230,0.727346,0.220804,0.389670,0.573092
32.240,0.729395,0.222629,0.380486,0.581105
32.250,0.744750,0.225069,0.406219,0.582222
32.260,0.755866,0.224949,0.410308,0.593616
32.270,0.759210,0.221227,0.407017,0.601494
32.280,0.761077,0.228547,0.407311,0.600917
32.290,0.759650,0.225891,0.410274,0.598094
32.300,0.761083,0.226910,0.412574,0.597948
32.310,0.761466,0.228399,0.409454,0.600010
32.320,0.760346,0.230919,0.409932,0.597292
32.330,0.760284,0.230801,0.410580,0.596814
32.340,0.764052,0.230512,0.410931,0.601478
32.350,0.758258,0.228409,0.403289,0.600120
32.360,0.770499,0.226802,0.422209,0.603298
32.370,0.791803,0.229445,0.444470,0.613803
32.380,0.812631,0.231045,0.444640,0.639751
32.390,0.821889,0.241186,0.444525,0.647865
32.400,0.817573,0.243428,0.445895,0.640583
32.410,0.816330,0.250683,0.443270,0.638017
32.420,0.815475,0.251272,0.442893,0.636952
32.430,0.816581,0.258559,0.441407,0.636484
32.440,0.806508,0.258446,0.440022,0.624532
32.450,0.807754,0.256396,0.444227,0.624011
32.460,0.797805,0.243965,0.436639,0.621546
32.470,0.804515,0.243324,0.444297,0.625010
32.480,0.810567,0.243239,0.444851,0.632425
32.490,0.807058,0.241704,0.444091,0.629051
32.500,0.805184,0.242853,0.443844,0.626375
32.510,0.808778,0.243368,0.451147,0.625587
32.520,0.806174,0.247865,0.451148,0.620439
32.530,0.806607,0.247657,0.448633,0.622904
32.540,0.807789,0.248330,0.445873,0.626141
32.550,0.817524,0.248225,0.446824,0.638027
32.560,0.812320,0.254802,0.448450,0.627561
32.570,0.799602,0.242896,0.449537,0.615046
32.580,0.803561,0.242938,0.453347,0.617388
32.590,0.799753,0.241207,0.446537,0.618084
32.600,0.789447,0.241190,0.443829,0.606688
32.610,0.770176,0.241443,0.434903,0.587993
32.620,0.778325,0.241076,0.435381,0.598427
32.630,0.782709,0.251563,0.422939,0.608664
32.640,0.780123,0.250810,0.418562,0.608681
32.650,0.780616,0.255124,0.418560,0.607520
32.660,0.780780,0.250321,0.418192,0.609978
32.670,0.779486,0.244869,0.418880,0.610064
32.680,0.781191,0.246629,0.406374,0.619915
32.690,0.789149,0.251109,0.399847,0.632316
32.700,0.789560,0.254285,0.397697,0.632914
32.710,0.787738,0.253265,0.397725,0.631033
32.720,0.768242,0.246767,0.392911,0.612309
32.730,0.760067,0.244933,0.392128,0.603279
32.740,0.754272,0.254357,0.389556,0.593696
32.750,0.740644,0.252828,0.370444,0.589409
32.760,0.730376,0.261257,0.364892,0.576235
32.770,0.719208,0.259156,0.366581,0.561887
32.780,0.721675,0.252767,0.374971,0.562424
32.790,0.728877,0.253345,0.373038,0.572644
32.800,0.737166,0.253787,0.369388,0.585286
32.810,0.738067,0.256574,0.373035,0.582887
32.820,0.738685,0.253806,0.373485,0.584591
32.830,0.733173,0.254486,0.373344,0.577403
32.840,0.724867,0.251748,0.372554,0.568559
32.850,0.723770,0.254048,0.372081,0.566444
32.860,0.716199,0.254080,0.345502,0.573596
32.870,0.705694,0.261875,0.315617,0.574292
32.880,0.679438,0.259298,0.321596,0.539422
32.890,0.675011,0.247970,0.335529,0.530633
32.900,0.678333,0.247984,0.334699,0.535366
32.910,0.677200,0.243816,0.335134,0.535573
32.920,0.681325,0.245790,0.335344,0.539755
32.930,0.687020,0.235097,0.336252,0.551054
32.940,0.686183,0.239619,0.337931,0.547022
32.950,0.677899,0.239406,0.331423,0.540732
32.960,0.682643,0.241283,0.341810,0.539398
32.970,0.684614,0.243002,0.323690,0.552152
32.980,0.690087,0.258449,0.307220,0.561285
32.991,0.677805,0.256920,0.306407,0.547290
33.000,0.677673,0.254633,0.307277,0.547708
33.010,0.670401,0.254346,0.296677,0.544728
33.020,0.663343,0.249739,0.306667,0.532550
33.030,0.674640,0.249588,0.317164,0.540603
33.040,0.682000,0.249231,0.316376,0.550377
33.050,0.675008,0.253702,0.317825,0.538756
33.060,0.670220,0.251642,0.316851,0.534300
33.070,0.673350,0.252543,0.316553,0.537975
33.080,0.679221,0.254860,0.311415,0.547183
33.090,0.679181,0.259959,0.307489,0.546954
33.100,0.681290,0.260643,0.310122,0.547765
33.110,0.679558,0.256230,0.315361,0.544695
33.120,0.678515,0.258514,0.319059,0.540143
33.130,0.666018,0.252944,0.314291,0.529925
33.140,0.667817,0.253831,0.307015,0.535996
33.150,0.680179,0.249577,0.309799,0.551706
33.160,0.679359,0.250062,0.316621,0.546579
33.170,0.680744,0.248124,0.320763,0.546770
33.180,0.674265,0.247999,0.320565,0.538859
33.190,0.666075,0.243989,0.328083,0.525820
33.200,0.667259,0.248297,0.328326,0.525152
33.210,0.670462,0.250411,0.330080,0.527126
33.220,0.666380,0.250672,0.329335,0.522269
33.230,0.659279,0.253372,0.333418,0.509199
33.240,0.653941,0.241731,0.336477,0.505952
33.250,0.658550,0.245101,0.333267,0.512393
33.260,0.655866,0.237103,0.336288,0.510737
33.270,0.664010,0.237498,0.349135,0.512453
33.280,0.661984,0.238448,0.343344,0.513303
33.290,0.657904,0.239089,0.348635,0.504112
33.300,0.651196,0.238714,0.355003,0.490962
33.310,0.650741,0.234947,0.352574,0.493919
33.320,0.650608,0.236023,0.351360,0.494096
33.330,0.654714,0.235434,0.357151,0.495646
33.340,0.651595,0.236140,0.357185,0.491155
33.350,0.656863,0.230907,0.369733,0.491374
33.360,0.656419,0.249024,0.369279,0.482188
33.370,0.646950,0.240872,0.378006,0.466515
33.380,0.652946,0.238570,0.388351,0.467554
33.390,0.649916,0.238147,0.380362,0.470108
33.400,0.644689,0.235089,0.380311,0.464457
33.410,0.654825,0.234408,0.382678,0.476870
33.420,0.655131,0.230083,0.382424,0.479595
33.430,0.646862,0.230453,0.383782,0.466941
33.440,0.645465,0.231321,0.382833,0.465354
33.450,0.646106,0.236047,0.381057,0.465328
33.460,0.639589,0.228833,0.374553,0.465209
33.470,0.624959,0.228880,0.375985,0.443647
33.480,0.605859,0.218190,0.377492,0.420664
33.490,0.606901,0.219324,0.378031,0.421092
33.500,0.609129,0.221039,0.378980,0.422556
33.510,0.609691,0.223351,0.379182,0.421970
33.520,0.608420,0.223369,0.372306,0.426227
33.530,0.595651,0.222942,0.365804,0.413865
33.540,0.586260,0.220498,0.367119,0.400382
33.550,0.592495,0.222504,0.363629,0.411480
33.560,0.599855,0.220220,0.377146,0.411205
33.570,0.595143,0.218357,0.376413,0.405990
33.580,0.580191,0.212208,0.374701,0.388830
33.590,0.576320,0.209847,0.370597,0.388287
33.600,0.579978,0.212032,0.369027,0.394000
33.610,0.582784,0.213419,0.363370,0.402558
33.620,0.564574,0.209381,0.360100,0.381093
33.630,0.568924,0.208791,0.359633,0.388259
33.640,0.569654,0.210466,0.358367,0.389594
33.650,0.560478,0.208297,0.366715,0.369145
33.660,0.565150,0.209800,0.369873,0.372254
33.670,0.565733,0.209713,0.368252,0.374786
33.680,0.568308,0.209394,0.368991,0.378119
33.690,0.581642,0.210509,0.361850,0.403804
33.700,0.597534,0.219754,0.364131,0.419718
33.710,0.601674,0.225794,0.367263,0.419698
33.720,0.601532,0.224460,0.367814,0.419728
33.730,0.596656,0.218190,0.369255,0.414780
33.740,0.604621,0.222479,0.373040,0.420608
33.750,0.612770,0.221992,0.379309,0.427002
33.760,0.625207,0.227376,0.376945,0.443955
33.770,0.615562,0.227436,0.361714,0.443117
33.780,0.620902,0.232581,0.359301,0.449809
33.790,0.624525,0.233881,0.352323,0.459564
33.800,0.623754,0.233936,0.351936,0.458785
33.810,0.631196,0.233558,0.362896,0.460615
33.820,0.632563,0.232969,0.363737,0.462122
33.830,0.631996,0.232850,0.364329,0.460938
33.840,0.654716,0.231794,0.366805,0.490284
33.850,0.660889,0.239238,0.358321,0.501145
33.860,0.655205,0.225069,0.362626,0.497131
33.870,0.650844,0.226031,0.353417,0.497599
33.880,0.643937,0.226260,0.341057,0.497133
33.890,0.644041,0.237792,0.337339,0.494415
33.900,0.644021,0.237736,0.332128,0.497931
33.910,0.642520,0.242567,0.328600,0.495999
33.920,0.637785,0.242674,0.328678,0.489745
33.930,0.637928,0.246625,0.325496,0.490082
33.940,0.636662,0.244129,0.324852,0.490113
33.950,0.638199,0.238943,0.331019,0.490540
33.960,0.637641,0.238807,0.326410,0.492963
33.970,0.636341,0.235030,0.324708,0.494223
33.980,0.634418,0.235290,0.323412,0.492473
33.991,0.635138,0.232013,0.326518,0.492906
34.000,0.632216,0.229282,0.325423,0.491149
34.010,0.633495,0.227326,0.330803,0.490110
34.020,0.630782,0.229184,0.329532,0.486590
34.030,0.634091,0.229193,0.329494,0.490893
34.040,0.630982,0.232872,0.327884,0.486211
34.050,0.620680,0.229422,0.329176,0.473552
34.060,0.613648,0.228682,0.316285,0.473532
34.070,0.615038,0.227305,0.318125,0.474765
34.080,0.620459,0.238194,0.318739,0.476065
34.090,0.621584,0.238058,0.319543,0.477061
34.100,0.617524,0.239030,0.320201,0.470821
34.110,0.610482,0.235901,0.320186,0.463163
34.120,0.609920,0.236008,0.323721,0.459898
34.130,0.617791,0.236509,0.323932,0.469891
34.140,0.620874,0.238453,0.325264,0.472047
34.150,0.609250,0.238664,0.313582,0.464641
34.160,0.607120,0.237409,0.312800,0.463021
34.170,0.616291,0.238440,0.323416,0.467293
34.180,0.611734,0.239012,0.317054,0.465370
34.190,0.597516,0.238999,0.317261,0.446375
34.200,0.586699,0.226179,0.315150,0.440158
34.210,0.588017,0.225212,0.309049,0.446691
34.220,0.590808,0.226627,0.310525,0.448630
34.230,0.598147,0.227548,0.304920,0.461547
34.240,0.601379,0.226478,0.292068,0.474405
34.250,0.598006,0.238303,0.293191,0.463532
34.260,0.587565,0.233105,0.296131,0.450779
34.270,0.593968,0.239784,0.297538,0.454722
34.280,0.585148,0.234343,0.303200,0.442212
34.290,0.581153,0.232977,0.307860,0.434377
34.300,0.599373,0.237660,0.306365,0.457062
34.310,0.613344,0.248304,0.300019,0.473840
34.320,0.611922,0.248254,0.302398,0.470504
34.330,0.611623,0.247940,0.298272,0.472909
34.340,0.588337,0.247414,0.295920,0.444250
34.350,0.576023,0.241638,0.296241,0.430876
34.360,0.587393,0.238289,0.294057,0.449199
34.368,0.599736,0.237395,0.293613,0.465960
34.380,0.604908,0.237731,0.297475,0.470006
34.388,0.604752,0.227520,0.305580,0.469660
34.399,0.600852,0.226932,0.305411,0.465026
34.409,0.590842,0.220522,0.306882,0.454189
34.419,0.591644,0.220484,0.306866,0.455261
34.429,0.596060,0.217258,0.306710,0.462618
34.439,0.612549,0.226883,0.318649,0.471385
34.449,0.614980,0.225808,0.321298,0.473263
34.459,0.615459,0.228387,0.320794,0.472991
34.469,0.619943,0.227859,0.327443,0.474543
34.479,0.621784,0.230926,0.327978,0.475099
34.489,0.621747,0.233397,0.324148,0.476470
34.499,0.627724,0.236582,0.327172,0.480651
34.509,0.624953,0.236544,0.322035,0.480527
34.519,0.624942,0.235455,0.323486,0.480074
34.529,0.622507,0.235878,0.320606,0.478631
34.539,0.633552,0.234846,0.333249,0.484954
34.549,0.633829,0.235143,0.332274,0.485840
34.559,0.632114,0.228935,0.330965,0.487462
34.569,0.631708,0.231165,0.330458,0.486226
34.579,0.632001,0.219299,0.340752,0.484996
34.589,0.633517,0.219250,0.339587,0.487805
34.599,0.641557,0.215716,0.344374,0.496456
34.609,0.646639,0.225505,0.344373,0.498695
34.619,0.645787,0.225253,0.342152,0.499233
34.629,0.632378,0.224791,0.341748,0.482266
34.639,0.627029,0.222554,0.342966,0.475404
34.649,0.631930,0.233410,0.344340,0.475695
34.659,0.626872,0.234123,0.334230,0.475863
34.669,0.618414,0.236751,0.321501,0.472251
34.679,0.612779,0.236305,0.321332,0.465192
34.689,0.615097,0.238437,0.328224,0.462342
34.699,0.608115,0.238356,0.327764,0.453389
34.709,0.610634,0.235504,0.328568,0.457663
34.719,0.610683,0.233606,0.332280,0.456017
34.729,0.602128,0.232690,0.336510,0.441785
34.739,0.595938,0.230403,0.348955,0.424603
34.749,0.591102,0.219830,0.340623,0.430177
34.759,0.588574,0.223929,0.337917,0.426717
34.769,0.587952,0.217576,0.343414,0.424753
34.779,0.590066,0.217272,0.346928,0.424984
34.789,0.586053,0.216376,0.343621,0.422569
34.800,0.564964,0.215462,0.337585,0.398494
34.810,0.546972,0.203448,0.331301,0.384742
34.819,0.556270,0.210635,0.328301,0.396595
34.830,0.557346,0.214335,0.328635,0.395846
34.839,0.561198,0.220121,0.330699,0.396394
34.849,0.561652,0.220491,0.329505,0.397823
34.860,0.547561,0.224564,0.325834,0.378452
34.869,0.539286,0.224074,0.326750,0.365861
34.880,0.535538,0.229277,0.316459,0.366178
34.889,0.534899,0.229904,0.312609,0.368154
34.899,0.537917,0.229028,0.316999,0.369340
34.909,0.551932,0.229697,0.324686,0.382683
34.920,0.567456,0.234700,0.325744,0.401014
34.929,0.559836,0.234286,0.325806,0.390354
34.940,0.545937,0.225302,0.315450,0.384419
34.949,0.540152,0.226879,0.305949,0.382995
34.960,0.544688,0.224452,0.318105,0.380941
34.970,0.554673,0.225723,0.320680,0.392270
34.979,0.580924,0.223881,0.320102,0.429982
34.990,0.592033,0.228559,0.328578,0.436234
35.000,0.591301,0.228424,0.332539,0.432293
35.010,0.591450,0.228484,0.332764,0.432292
35.020,0.593193,0.227163,0.331029,0.436686
35.030,0.592624,0.233364,0.330436,0.433078
35.040,0.582380,0.231458,0.318528,0.429108
35.050,0.593828,0.235119,0.322039,0.440047
35.060,0.592376,0.235499,0.320425,0.439064
35.070,0.593704,0.241481,0.318974,0.438664
35.080,0.591595,0.240151,0.309666,0.443192
35.089,0.592698,0.243455,0.311955,0.441253
35.100,0.585723,0.243566,0.309282,0.433696
35.110,0.580707,0.238263,0.309215,0.429928
35.120,0.582880,0.237058,0.308120,0.434297
35.130,0.585218,0.236181,0.309005,0.437281
35.140,0.584924,0.235770,0.308746,0.437291
35.150,0.593572,0.225747,0.331420,0.437638
35.160,0.593198,0.225802,0.331502,0.437039
35.170,0.587986,0.221583,0.330891,0.432597
35.180,0.592254,0.222995,0.332906,0.436132
35.190,0.598871,0.224035,0.329899,0.446790
35.200,0.603307,0.224771,0.341480,0.443677
35.210,0.605021,0.222702,0.350307,0.440158
35.220,0.603469,0.222797,0.345020,0.442150
35.230,0.603577,0.228331,0.340848,0.442711
35.240,0.603960,0.227822,0.327558,0.453398
35.250,0.611928,0.228320,0.327441,0.463797
35.260,0.617489,0.224938,0.330502,0.470599
35.270,0.623853,0.226952,0.330745,0.477800
35.280,0.629015,0.226992,0.325371,0.488127
35.290,0.638858,0.233509,0.327222,0.496527
35.300,0.640885,0.229669,0.329070,0.499699
35.310,0.641528,0.233622,0.328660,0.498960
35.320,0.633451,0.226135,0.331558,0.490094
35.330,0.634043,0.223606,0.336778,0.488458
35.340,0.638569,0.221411,0.334399,0.496916
35.350,0.642958,0.228332,0.330337,0.502132
35.360,0.644061,0.224805,0.335952,0.501412
35.370,0.639922,0.224977,0.335294,0.496450
35.380,0.636731,0.220843,0.334949,0.494432
35.390,0.636155,0.220535,0.333491,0.494814
35.400,0.656395,0.222780,0.368739,0.495232
35.410,0.644930,0.222120,0.361174,0.485954
35.420,0.631543,0.221970,0.360646,0.468520
35.430,0.631858,0.222519,0.360975,0.468430
35.440,0.642236,0.222621,0.361029,0.482250
35.450,0.646416,0.226279,0.363202,0.484496
35.460,0.654886,0.227520,0.371457,0.489009
35.470,0.642724,0.229985,0.365906,0.475725
35.480,0.618473,0.227411,0.368360,0.441706
35.490,0.608921,0.220503,0.359639,0.439116
35.500,0.635117,0.230068,0.353405,0.474918
35.510,0.655362,0.242720,0.352950,0.495997
35.520,0.658898,0.242226,0.363941,0.492971
35.530,0.664509,0.237646,0.377895,0.492231
35.540,0.664065,0.242158,0.377140,0.490007
35.550,0.655824,0.238141,0.380608,0.478051
35.560,0.661422,0.237488,0.379585,0.486820
35.570,0.663758,0.229960,0.384497,0.489751
35.580,0.661132,0.230541,0.384081,0.486239
35.590,0.656784,0.228013,0.381839,0.483296
35.600,0.658306,0.227731,0.378070,0.488435
35.610,0.660123,0.227550,0.378620,0.490541
35.620,0.659400,0.227493,0.381490,0.487361
35.630,0.658429,0.232556,0.381589,0.483566
35.640,0.657208,0.231145,0.381726,0.482472
35.650,0.658159,0.235302,0.381498,0.481939
35.665,0.666341,0.236693,0.381716,0.492219
35.672,0.680375,0.250334,0.381388,0.504764
35.680,0.676425,0.248423,0.381097,0.500602
35.690,0.672810,0.245624,0.380571,0.497501
35.700,0.674641,0.247750,0.374344,0.503614
35.710,0.669977,0.249463,0.371581,0.498563
35.720,0.674458,0.251677,0.371679,0.503395
35.730,0.679454,0.247934,0.371597,0.511960
35.740,0.675819,0.247405,0.374938,0.504918
35.750,0.675516,0.245232,0.379665,0.502034
35.760,0.679991,0.248545,0.376617,0.508697
35.770,0.675509,0.247589,0.375587,0.503931
35.780,0.672318,0.247867,0.380824,0.495527
35.790,0.662122,0.241309,0.378635,0.486632
35.800,0.664939,0.241858,0.387767,0.482996
35.810,0.659211,0.238061,0.387236,0.477425
35.820,0.668948,0.237658,0.397376,0.482807
35.830,0.665477,0.238678,0.391252,0.482508
35.840,0.657059,0.235311,0.391905,0.471981
35.850,0.651738,0.231236,0.391663,0.466789
35.860,0.659158,0.236285,0.386458,0.478862
35.870,0.664291,0.242553,0.387272,0.482152
35.880,0.668871,0.242100,0.399330,0.478865
35.890,0.671115,0.241400,0.396936,0.484317
35.900,0.649628,0.239700,0.361838,0.483357
35.910,0.652211,0.239218,0.361944,0.486980
35.920,0.673347,0.245557,0.363571,0.510797
35.930,0.677610,0.247122,0.365585,0.514231
35.940,0.674510,0.247269,0.377183,0.501552
35.950,0.685698,0.245545,0.376863,0.517557
35.960,0.676498,0.247495,0.357235,0.518439
35.970,0.676334,0.245777,0.357736,0.518696
35.980,0.679114,0.246999,0.355668,0.523151
35.991,0.676642,0.248534,0.355609,0.519246
36.000,0.647620,0.238704,0.355583,0.485790
36.010,0.633351,0.229791,0.356131,0.470639
36.020,0.630373,0.229903,0.346970,0.473420
36.030,0.627291,0.229055,0.341310,0.473852
36.040,0.628169,0.225579,0.340714,0.477099
36.050,0.633320,0.224760,0.334454,0.488588
36.060,0.651044,0.232255,0.362184,0.488608
36.070,0.650280,0.232283,0.363047,0.486935
36.080,0.651474,0.236053,0.362756,0.486934
36.090,0.654374,0.234688,0.370551,0.485611
36.100,0.660325,0.234769,0.372496,0.492096
36.110,0.671242,0.239993,0.373053,0.503787
36.120,0.678556,0.242599,0.375482,0.510487
36.130,0.676454,0.239212,0.374134,0.510285
36.140,0.675742,0.238850,0.372653,0.510595
36.150,0.668571,0.236783,0.354245,0.515201
36.160,0.661805,0.234517,0.354864,0.507010
36.170,0.652099,0.220761,0.361549,0.495762
36.180,0.651736,0.221781,0.360228,0.495791
36.190,0.646965,0.221914,0.358510,0.490702
36.200,0.650034,0.219683,0.353962,0.498994
36.210,0.659442,0.218414,0.349869,0.514539
36.220,0.658868,0.219661,0.356125,0.508952
36.230,0.661128,0.219308,0.369542,0.502427
36.240,0.662779,0.219255,0.366127,0.507103
36.250,0.648612,0.219874,0.361266,0.491773
36.260,0.646545,0.217116,0.364881,0.487589
36.270,0.652972,0.222441,0.369577,0.490209
36.280,0.654230,0.221994,0.361862,0.497787
36.290,0.658370,0.225530,0.362437,0.501225
36.300,0.662773,0.225414,0.352117,0.514267
36.310,0.664208,0.225031,0.353522,0.515320
36.320,0.661505,0.226613,0.353239,0.511330
36.330,0.662803,0.225051,0.351025,0.515210
36.340,0.665165,0.227233,0.352219,0.516480
36.350,0.665748,0.225256,0.353287,0.517367
36.360,0.669219,0.221749,0.354841,0.522273
36.370,0.668241,0.214332,0.354038,0.524657
36.380,0.672330,0.213798,0.354368,0.529850
36.390,0.686437,0.214063,0.366677,0.539372
36.400,0.689677,0.212317,0.366894,0.544027
36.410,0.689588,0.211832,0.367686,0.543567
36.420,0.673223,0.199449,0.370484,0.525538
36.430,0.674837,0.202322,0.375801,0.522727
36.440,0.672628,0.202322,0.364062,0.528160
36.450,0.663475,0.200565,0.363168,0.517767
36.460,0.670722,0.214076,0.370156,0.516744
36.470,0.669419,0.213918,0.368791,0.516094
36.480,0.665668,0.213457,0.368640,0.511522
36.490,0.667702,0.213009,0.369084,0.514034
36.500,0.668445,0.207572,0.369479,0.516932
36.510,0.670019,0.208526,0.369200,0.518782
36.520,0.673499,0.210070,0.375628,0.518050
36.530,0.677961,0.211580,0.378379,0.521243
36.540,0.683548,0.213419,0.378318,0.527794
36.550,0.677064,0.218548,0.378055,0.517424
36.560,0.660573,0.212344,0.353621,0.515965
36.570,0.662788,0.212327,0.345876,0.523999
36.580,0.664581,0.206594,0.345561,0.528748
36.590,0.670586,0.207400,0.346490,0.535364
36.600,0.672897,0.209281,0.344499,0.538807
36.610,0.660561,0.202646,0.343453,0.526608
36.620,0.657213,0.198033,0.342415,0.524846
36.630,0.657030,0.195193,0.342941,0.525337
36.640,0.657781,0.196356,0.341962,0.526481
36.650,0.663082,0.195082,0.347820,0.529757
36.660,0.673417,0.199225,0.347320,0.541451
36.670,0.683277,0.198389,0.360832,0.545261
36.680,0.685209,0.198461,0.360851,0.547642
36.690,0.686292,0.198582,0.362304,0.547995
36.700,0.680114,0.198427,0.363452,0.539522
36.710,0.681685,0.199661,0.358468,0.544363
36.720,0.684394,0.197704,0.354644,0.550941
36.730,0.676390,0.200714,0.340680,0.548775
36.740,0.675990,0.200781,0.340687,0.548254
36.750,0.677920,0.197412,0.346524,0.548203
36.760,0.687570,0.205980,0.343964,0.558582
36.770,0.679992,0.201770,0.335408,0.556039
36.780,0.680720,0.201921,0.349327,0.548250
36.790,0.680864,0.197637,0.356471,0.545385
36.800,0.670728,0.197427,0.356755,0.532564
36.810,0.675434,0.198479,0.368399,0.530189
36.820,0.669584,0.197395,0.354448,0.532677
36.830,0.687259,0.204923,0.384226,0.531697
36.840,0.698068,0.202454,0.398476,0.536217
36.850,0.699067,0.202292,0.399467,0.536841
36.860,0.687565,0.203560,0.398751,0.521830
36.870,0.694886,0.204229,0.398417,0.531432
36.880,0.688082,0.208081,0.387159,0.529402
36.890,0.670814,0.207858,0.377052,0.514411
36.900,0.671913,0.207973,0.376567,0.516151
36.910,0.671541,0.209901,0.374789,0.516180
36.920,0.669463,0.209649,0.378333,0.510972
36.930,0.671219,0.208227,0.376485,0.515204
36.940,0.665383,0.208248,0.376210,0.507772
36.950,0.659638,0.208435,0.375373,0.500771
36.960,0.661553,0.188165,0.372564,0.513266
36.970,0.665854,0.187542,0.372359,0.519171
36.980,0.669083,0.186517,0.378692,0.519110
36.990,0.670658,0.185857,0.383476,0.517867
37.000,0.672933,0.188054,0.391107,0.514305
37.010,0.678972,0.183475,0.390754,0.524072
37.020,0.686188,0.184194,0.394985,0.530012
37.030,0.680034,0.187723,0.385734,0.527651
37.040,0.674814,0.184091,0.394758,0.515412
37.051,0.677017,0.181149,0.399562,0.515643
37.060,0.675791,0.184534,0.399935,0.512536
37.070,0.673416,0.184425,0.400867,0.508707
37.080,0.686957,0.188431,0.409970,0.518005
37.090,0.680102,0.188397,0.405966,0.512091
37.100,0.675721,0.185912,0.419206,0.496289
37.110,0.679933,0.187817,0.422945,0.498149
37.120,0.674830,0.188595,0.420273,0.493151
37.130,0.686081,0.189116,0.420857,0.507762
37.138,0.685976,0.188876,0.419732,0.508640
37.148,0.685192,0.190558,0.421004,0.505897
37.158,0.676051,0.187537,0.422785,0.493080
37.168,0.670030,0.189481,0.407854,0.496682
37.178,0.673106,0.188806,0.413739,0.496230
37.188,0.677161,0.190942,0.415499,0.499448
37.198,0.677053,0.194552,0.417032,0.496622
37.208,0.670126,0.191396,0.428627,0.478241
37.218,0.676341,0.189947,0.434832,0.481952
37.228,0.686034,0.192218,0.433801,0.495492
37.240,0.682028,0.193101,0.433993,0.489412
37.250,0.681990,0.193679,0.432189,0.490726
37.260,0.662644,0.184740,0.432108,0.467173
37.270,0.659869,0.181239,0.433515,0.463297
37.280,0.658138,0.183210,0.418263,0.473958
37.290,0.672052,0.186532,0.414114,0.495348
37.300,0.671810,0.187447,0.416773,0.492436
37.310,0.670207,0.185724,0.416144,0.491435
37.320,0.670444,0.188058,0.416352,0.490694
37.330,0.647492,0.181209,0.385506,0.487642
37.340,0.641838,0.182719,0.372012,0.490078
37.350,0.674956,0.193605,0.377350,0.525061
37.360,0.680558,0.189376,0.380612,0.531442
37.370,0.668988,0.189947,0.380865,0.516147
37.380,0.668660,0.186436,0.383081,0.515362
37.390,0.670164,0.186825,0.383148,0.517121
37.400,0.666816,0.187068,0.386148,0.510431
37.410,0.675837,0.185236,0.404329,0.508883
37.420,0.674069,0.187184,0.400103,0.509165
37.430,0.679443,0.185259,0.406982,0.511555
37.440,0.690072,0.185941,0.408781,0.523949
37.450,0.699938,0.188377,0.408783,0.536026
37.460,0.692100,0.193551,0.410775,0.522306
37.470,0.690517,0.195064,0.415283,0.516047
37.480,0.687994,0.195085,0.411127,0.515996
37.490,0.687862,0.198913,0.409450,0.515692
37.500,0.685658,0.197497,0.400449,0.520348
37.510,0.681779,0.204409,0.400740,0.512296
37.520,0.668420,0.203292,0.390157,0.503225
37.530,0.671618,0.197010,0.397465,0.504261
37.540,0.685027,0.195184,0.408614,0.514003
37.550,0.686327,0.193180,0.407714,0.517199
37.560,0.683716,0.189951,0.407482,0.515116
37.570,0.679581,0.190036,0.406261,0.510558
37.580,0.668645,0.194064,0.402564,0.497361
37.590,0.666691,0.195511,0.398486,0.497454
37.600,0.665469,0.196207,0.387551,0.504139
37.610,0.675677,0.199443,0.383408,0.519385
37.620,0.675494,0.201322,0.381896,0.519536
37.630,0.671903,0.200962,0.394487,0.505419
37.640,0.676948,0.200309,0.400532,0.507651
37.650,0.679215,0.200662,0.396624,0.513573
37.660,0.675679,0.199091,0.394522,0.511133
37.670,0.681948,0.200380,0.394653,0.518797
37.680,0.680568,0.202736,0.387999,0.521083
37.690,0.684426,0.207962,0.395334,0.518558
37.700,0.681562,0.203131,0.392449,0.518891
37.710,0.681572,0.203924,0.384364,0.524613
37.720,0.682665,0.216198,0.382652,0.522368
37.730,0.672863,0.213074,0.383381,0.510258
37.740,0.679239,0.212159,0.394853,0.510338
37.750,0.694855,0.216116,0.403157,0.523050
37.760,0.702126,0.222559,0.403899,0.529447
37.770,0.704293,0.223013,0.405515,0.530897
37.780,0.698415,0.222183,0.405392,0.523522
37.790,0.683078,0.217534,0.406697,0.503857
37.800,0.683132,0.216912,0.406952,0.503992
37.810,0.684636,0.216986,0.397882,0.513160
37.820,0.696681,0.213884,0.404708,0.525194
37.830,0.699385,0.219047,0.405299,0.526203
37.840,0.696382,0.218908,0.408270,0.519945
37.850,0.663022,0.212452,0.401248,0.483179
37.860,0.697760,0.223012,0.402615,0.524438
37.870,0.720461,0.233299,0.409560,0.544881
37.880,0.722717,0.233541,0.414330,0.544160
37.890,0.723614,0.233460,0.418834,0.541934
37.900,0.735901,0.237854,0.415880,0.558587
37.910,0.735148,0.240133,0.398388,0.569267
37.920,0.732893,0.240978,0.393919,0.569113
37.930,0.723360,0.240183,0.386430,0.562346
37.940,0.720688,0.240363,0.384862,0.559910
37.950,0.715929,0.236845,0.386643,0.554044
37.960,0.727500,0.242392,0.401821,0.555915
37.970,0.730937,0.241813,0.405800,0.557782
37.980,0.738332,0.244657,0.408541,0.564244
37.990,0.744987,0.240603,0.405087,0.577079
38.000,0.742918,0.245151,0.405030,0.572519
38.010,0.736789,0.241729,0.404755,0.566214
38.020,0.736849,0.243327,0.404320,0.565919
38.030,0.737440,0.244588,0.398704,0.570114
38.040,0.725205,0.245801,0.379283,0.567140
38.050,0.723086,0.247023,0.379034,0.564062
38.060,0.730174,0.246859,0.393768,0.563171
38.070,0.733469,0.246869,0.397265,0.564989
38.080,0.732593,0.241812,0.392320,0.569478
38.090,0.733230,0.243521,0.392022,0.569773
38.100,0.731444,0.243071,0.392544,0.567305
38.110,0.717827,0.239620,0.392239,0.551367
38.120,0.717915,0.238159,0.393223,0.551415
38.130,0.715533,0.251718,0.380506,0.551217
38.140,0.712488,0.252189,0.375867,0.550240
38.150,0.709047,0.252878,0.378289,0.543781
38.160,0.709111,0.252203,0.378322,0.544155
38.170,0.700187,0.250794,0.380512,0.531578
38.180,0.705861,0.248356,0.381749,0.539283
38.190,0.723764,0.253995,0.370078,0.567771
38.200,0.732873,0.256061,0.369997,0.578479
38.210,0.737434,0.256770,0.383074,0.575441
38.220,0.730269,0.244913,0.376736,0.575657
38.230,0.741697,0.245281,0.375432,0.590763
38.240,0.747160,0.252835,0.363446,0.601856
38.250,0.737584,0.252464,0.360335,0.591989
38.260,0.731394,0.246459,0.358603,0.587877
38.270,0.733918,0.246553,0.355100,0.593086
38.280,0.751861,0.256584,0.356669,0.610120
38.290,0.761107,0.259109,0.366432,0.614714
38.300,0.769801,0.260118,0.377058,0.618675
38.310,0.779723,0.260809,0.379127,0.629452
38.320,0.785236,0.260974,0.372129,0.640319
38.330,0.789967,0.254754,0.371662,0.648857
38.340,0.793303,0.254884,0.373991,0.651533
38.350,0.802220,0.255901,0.375126,0.661327
38.360,0.784890,0.247382,0.379940,0.640702
38.370,0.773746,0.239587,0.372162,0.634647
38.380,0.775279,0.243324,0.369682,0.636543
38.390,0.777848,0.243361,0.365632,0.641978
38.400,0.781796,0.241624,0.365778,0.647325
38.410,0.795105,0.244285,0.369959,0.660035
38.420,0.810303,0.244921,0.382174,0.671228
38.430,0.812008,0.249289,0.379752,0.673053
38.440,0.815589,0.249246,0.381690,0.676295
38.450,0.825544,0.254547,0.380228,0.687136
38.460,0.816744,0.248955,0.359566,0.689786
38.470,0.813912,0.249116,0.355198,0.688642
38.480,0.818645,0.245516,0.354121,0.696060
38.490,0.837789,0.252305,0.354204,0.716081
38.500,0.856494,0.255703,0.354248,0.736686
38.510,0.864406,0.259982,0.364434,0.739456
38.520,0.870006,0.257544,0.364512,0.746802
38.530,0.874681,0.255967,0.358230,0.755791
38.540,0.889239,0.271038,0.359776,0.766711
38.550,0.892719,0.277064,0.362389,0.767370
38.560,0.889278,0.276518,0.350843,0.768937
38.570,0.896628,0.276468,0.346108,0.779562
38.580,0.911456,0.282450,0.348498,0.793425
38.590,0.918234,0.280389,0.351782,0.800490
38.600,0.921472,0.280815,0.357526,0.801516
38.610,0.940418,0.280938,0.366622,0.819175
38.620,0.955210,0.283899,0.365125,0.835770
38.630,0.957954,0.270291,0.365571,0.843194
38.640,0.957349,0.270029,0.368668,0.841241
38.650,0.958823,0.267445,0.363068,0.846165
38.660,0.969602,0.267439,0.364425,0.857787
38.670,0.975390,0.270999,0.364358,0.863243
38.680,0.974859,0.276382,0.368056,0.859359
38.690,0.965893,0.270284,0.370990,0.849861
38.700,0.975836,0.267153,0.376595,0.859687
38.710,0.984331,0.274310,0.366618,0.871351
38.720,0.986195,0.277290,0.372816,0.869885
38.730,0.982062,0.278014,0.377687,0.862848
38.740,0.981416,0.269515,0.377590,0.864850
38.750,0.990311,0.272630,0.371209,0.876694
38.760,0.993783,0.272672,0.375062,0.878967
38.770,0.993295,0.272786,0.383658,0.874659
38.780,1.000395,0.265257,0.399337,0.878043
38.790,1.010911,0.266982,0.393565,0.892059
38.800,1.014617,0.274834,0.387580,0.896491
38.810,1.012281,0.278100,0.407079,0.884115
38.820,1.002682,0.277462,0.409854,0.872013
38.830,1.009794,0.279847,0.414113,0.877428
38.840,1.009091,0.289511,0.408458,0.876133
38.850,1.006460,0.291368,0.421774,0.866125
38.860,0.997405,0.291613,0.421452,0.855662
38.870,0.999810,0.292258,0.422960,0.857503
38.880,1.007235,0.300099,0.420199,0.864810
38.890,1.005752,0.299908,0.426112,0.860244
38.900,1.000675,0.300537,0.441661,0.846146
38.910,0.982763,0.294177,0.438417,0.828899
38.920,0.972794,0.294037,0.430492,0.821308
38.930,0.971405,0.290197,0.430011,0.821282
38.940,0.967503,0.290477,0.430456,0.816329
38.950,0.953023,0.284534,0.430095,0.801444
38.960,0.949898,0.285389,0.429155,0.797925
38.970,0.958754,0.288964,0.446534,0.797695
38.980,0.953463,0.288741,0.454799,0.786688
38.990,0.930554,0.289150,0.454493,0.758788
39.000,0.916224,0.283620,0.460094,0.739825
39.010,0.912290,0.279998,0.453387,0.740483
39.020,0.918029,0.284479,0.455775,0.744391
39.030,0.908725,0.285082,0.455549,0.732791
39.040,0.893152,0.269584,0.456933,0.718511
39.050,0.890526,0.263874,0.451902,0.720550
39.060,0.903320,0.273430,0.448719,0.734762
39.070,0.897536,0.277142,0.449000,0.726060
39.080,0.885899,0.271653,0.456646,0.708869
39.090,0.888539,0.271753,0.463613,0.707612
39.100,0.901205,0.272039,0.456992,0.727546
39.110,0.895870,0.272474,0.453179,0.723166
39.120,0.894156,0.270829,0.476831,0.706256
39.130,0.891415,0.269638,0.481119,0.700315
39.140,0.897510,0.268551,0.481359,0.708307
39.150,0.900409,0.275472,0.480065,0.710204
39.160,0.897043,0.276404,0.490577,0.698299
39.170,0.895750,0.272634,0.497970,0.692867
39.180,0.899563,0.270222,0.498089,0.698642
39.190,0.904529,0.278106,0.495270,0.703944
39.200,0.888887,0.278752,0.497311,0.681982
39.210,0.876221,0.270502,0.505432,0.662669
39.220,0.869588,0.267786,0.500618,0.658678
39.230,0.867768,0.269371,0.499478,0.656492
39.240,0.858701,0.269573,0.499485,0.644369
39.250,0.849064,0.265549,0.506887,0.627263
39.260,0.848362,0.265642,0.506669,0.626450
39.270,0.845022,0.265515,0.500488,0.626957
39.280,0.824300,0.264021,0.494750,0.604141
39.290,0.812864,0.265731,0.493774,0.588491
39.300,0.800673,0.257823,0.486830,0.581034
39.310,0.793800,0.261510,0.476466,0.578542
39.320,0.796402,0.261654,0.474750,0.583442
39.330,0.799688,0.267085,0.472035,0.587665
39.340,0.806030,0.261837,0.475985,0.595453
39.350,0.806417,0.259799,0.472998,0.599238
39.360,0.819458,0.261066,0.469987,0.618440
39.370,0.841180,0.264772,0.470109,0.645350
39.380,0.847199,0.260469,0.469140,0.655598
39.390,0.860689,0.262744,0.486428,0.659651
39.400,0.860810,0.261354,0.472168,0.670631
39.410,0.863607,0.263797,0.471757,0.673553
39.420,0.868560,0.283228,0.471616,0.672128
39.430,0.869534,0.283274,0.474139,0.671593
39.440,0.867070,0.284238,0.475504,0.667019
39.450,0.871102,0.288097,0.476149,0.670150
39.460,0.871284,0.287041,0.476010,0.670938
39.470,0.867188,0.286015,0.457593,0.678837
39.480,0.874670,0.288770,0.446826,0.694266
39.490,0.877269,0.281853,0.452290,0.696845
39.500,0.887349,0.281385,0.451045,0.710470
39.510,0.903197,0.281109,0.452679,0.729263
39.520,0.898858,0.276933,0.452131,0.725831
39.530,0.897834,0.276147,0.452842,0.724419
39.540,0.902581,0.276012,0.455142,0.728914
39.550,0.912353,0.275395,0.454714,0.741472
39.560,0.910553,0.274296,0.468247,0.731173
39.570,0.909171,0.273346,0.471763,0.727540
39.580,0.904803,0.279744,0.462414,0.725661
39.590,0.898832,0.279677,0.458263,0.720884
39.600,0.883328,0.280078,0.463019,0.698168
39.610,0.888839,0.281589,0.461670,0.705410
39.620,0.886628,0.282077,0.442404,0.714717
39.630,0.885310,0.281997,0.437654,0.716038
39.640,0.881980,0.282574,0.436759,0.712237
39.650,0.905595,0.285050,0.440999,0.737814
39.660,0.917646,0.292504,0.434760,0.753325
39.670,0.923203,0.294414,0.443913,0.754033
39.680,0.919446,0.291083,0.445334,0.749886
39.690,0.911918,0.283206,0.445541,0.743559
39.700,0.915517,0.289814,0.442589,0.747191
39.710,0.909745,0.290294,0.429878,0.747376
39.720,0.910215,0.292153,0.429577,0.747396
39.730,0.906609,0.290704,0.427329,0.744864
39.740,0.907128,0.291766,0.428332,0.744503
39.750,0.915811,0.291947,0.424863,0.756947
39.760,0.919029,0.293651,0.423057,0.761187
39.770,0.932816,0.293579,0.440557,0.768028
39.780,0.942863,0.291434,0.437704,0.782606
39.790,0.947923,0.286652,0.435155,0.791851
39.800,0.950436,0.285568,0.434340,0.795694
39.810,0.948398,0.279118,0.431143,0.797288
39.820,0.950464,0.279019,0.430394,0.800182
39.830,0.938652,0.271855,0.430102,0.788781
39.840,0.934047,0.271218,0.432743,0.782060
39.850,0.936538,0.270396,0.441263,0.780561
39.860,0.921599,0.269761,0.437713,0.764841
39.870,0.891643,0.262290,0.439691,0.730002
39.880,0.878785,0.253797,0.443321,0.715064
39.890,0.882950,0.266093,0.416759,0.731510
39.900,0.884269,0.268247,0.417515,0.731885
39.910,0.884338,0.266222,0.420940,0.730746
39.920,0.898442,0.246391,0.419425,0.755362
39.930,0.909882,0.249362,0.416551,0.769537
39.940,0.919378,0.256322,0.418092,0.777660
39.950,0.924307,0.252876,0.432607,0.776691
39.960,0.931007,0.252549,0.436371,0.782670
39.970,0.926430,0.249958,0.436132,0.778192
39.980,0.915554,0.246007,0.436140,0.766486
39.990,0.911735,0.247508,0.430742,0.764500
40.000,0.898914,0.250834,0.426187,0.750662
40.010,0.880907,0.253723,0.423839,0.729371
40.020,0.879444,0.253557,0.422547,0.728413
40.030,0.893529,0.259621,0.428855,0.739645
40.040,0.890412,0.260042,0.431082,0.734425
40.050,0.888911,0.260049,0.446242,0.723468
40.060,0.890299,0.255026,0.436536,0.732823
40.070,0.896366,0.258255,0.432995,0.741143
40.080,0.896767,0.252046,0.437634,0.741040
40.090,0.894756,0.251929,0.432833,0.741469
40.100,0.893538,0.251052,0.427156,0.743587
40.110,0.877990,0.249658,0.428032,0.724794
40.120,0.872537,0.250969,0.432219,0.715207
40.130,0.870588,0.251159,0.432327,0.712696
40.140,0.865893,0.250754,0.432173,0.707191
40.150,0.833873,0.242426,0.427385,0.673734
40.160,0.824183,0.234893,0.422747,0.667374
40.170,0.821367,0.237476,0.402280,0.675588
40.180,0.814534,0.237282,0.397242,0.670345
40.190,0.810063,0.237240,0.397100,0.665005
40.200,0.821701,0.234468,0.393779,0.682023
40.210,0.833763,0.236420,0.396632,0.694226
40.220,0.845409,0.233961,0.416584,0.697450
40.230,0.853567,0.232211,0.418404,0.706819
40.240,0.860119,0.233642,0.417517,0.714770
40.250,0.847588,0.235431,0.411146,0.702807
40.260,0.840861,0.232555,0.413166,0.694448
40.270,0.826561,0.232877,0.396583,0.686799
40.280,0.812527,0.232876,0.391898,0.672596
40.290,0.802258,0.236586,0.401347,0.653120
40.300,0.805120,0.236585,0.420012,0.644853
40.310,0.803765,0.242220,0.416640,0.643256
40.320,0.797150,0.244955,0.422063,0.630324
40.330,0.794504,0.244741,0.423884,0.625828
40.340,0.803693,0.247724,0.414100,0.642710
40.350,0.797473,0.248962,0.396579,0.645528
40.360,0.803609,0.248140,0.407155,0.646868
40.370,0.804353,0.246428,0.404652,0.650010
40.380,0.813988,0.248835,0.402891,0.662069
40.390,0.804043,0.235672,0.406851,0.652240
40.400,0.808510,0.234349,0.426950,0.645354
40.410,0.818225,0.234008,0.438735,0.649804
40.420,0.809375,0.231699,0.438806,0.639416
40.430,0.806790,0.236074,0.441708,0.632514
40.440,0.808215,0.233135,0.455463,0.625629
40.450,0.800041,0.232499,0.440573,0.626023
40.460,0.802292,0.233390,0.437931,0.630411
40.470,0.823251,0.253724,0.437352,0.649683
40.480,0.829546,0.254487,0.452200,0.647224
40.490,0.840139,0.252848,0.468348,0.650040
40.500,0.847702,0.249780,0.473304,0.657414
40.510,0.854730,0.251209,0.473098,0.666059
40.520,0.849513,0.252356,0.476204,0.656672
40.530,0.837431,0.246378,0.475578,0.643751
40.540,0.839511,0.246241,0.468578,0.651598
40.550,0.833258,0.250667,0.455052,0.651469
40.560,0.821512,0.248958,0.462240,0.631851
40.570,0.818674,0.243595,0.471423,0.623417
40.580,0.815257,0.241511,0.466732,0.623280
40.590,0.819417,0.249445,0.470478,0.622793
40.600,0.814784,0.250099,0.470175,0.616650
40.610,0.815592,0.250133,0.472954,0.615579
40.620,0.809230,0.248209,0.464581,0.614337
40.630,0.809839,0.247212,0.468852,0.612293
40.640,0.814948,0.247346,0.468610,0.619164
40.651,0.820499,0.247692,0.468489,0.626407
40.660,0.821059,0.250051,0.467343,0.627059
40.670,0.815152,0.244986,0.475858,0.614829
40.680,0.822735,0.245227,0.474936,0.625454
40.690,0.825023,0.246356,0.477770,0.625866
40.700,0.820924,0.253632,0.479547,0.616134
40.710,0.815051,0.250621,0.486529,0.603976
40.720,0.814085,0.250341,0.481410,0.606884
40.730,0.824968,0.261122,0.480943,0.617318
40.740,0.823496,0.265984,0.481349,0.612945
40.750,0.824536,0.264345,0.485741,0.611586
40.760,0.834458,0.266446,0.499584,0.612978
40.770,0.838756,0.268906,0.499121,0.618126
40.780,0.839450,0.272869,0.499314,0.617174
40.790,0.834915,0.268966,0.492739,0.618021
40.800,0.830583,0.271661,0.479048,0.621758
40.810,0.829614,0.267380,0.478816,0.622496
40.820,0.827842,0.269316,0.473915,0.623054
40.830,0.837370,0.268959,0.477094,0.633428
40.840,0.824296,0.263899,0.477453,0.617947
40.850,0.826334,0.263409,0.480330,0.618649
40.860,0.830058,0.263816,0.478063,0.625182
40.870,0.854838,0.266931,0.482155,0.653469
40.880,0.850757,0.264408,0.480707,0.650228
40.890,0.842490,0.265150,0.478280,0.640884
40.900,0.834126,0.264538,0.467036,0.638486
40.910,0.827739,0.265833,0.453061,0.639703
40.920,0.826745,0.274519,0.456345,0.632373
40.930,0.820489,0.269494,0.461574,0.622515
40.940,0.807325,0.266452,0.443564,0.619700
40.950,0.805424,0.265417,0.442845,0.618183
40.960,0.799731,0.264533,0.454760,0.602316
40.970,0.783456,0.247458,0.455453,0.587478
40.980,0.780649,0.247624,0.445686,0.591151
40.990,0.770358,0.249149,0.431294,0.587674
41.000,0.768544,0.248067,0.432107,0.585154
41.010,0.778284,0.243700,0.438138,0.595291
41.020,0.800159,0.252177,0.445455,0.615006
41.030,0.803052,0.256270,0.448136,0.615136
41.040,0.799116,0.258599,0.448825,0.608498
41.050,0.796451,0.254951,0.449472,0.606061
41.060,0.788631,0.253877,0.435574,0.606432
41.070,0.786553,0.253144,0.428479,0.609089
41.080,0.797626,0.258342,0.428982,0.620839
41.090,0.794603,0.250904,0.426491,0.621728
41.099,0.801782,0.249747,0.431867,0.627671
41.109,0.815246,0.246824,0.435684,0.643338
41.119,0.826777,0.245621,0.437294,0.657271
41.129,0.827321,0.248064,0.436680,0.657445
41.139,0.824639,0.247611,0.440188,0.651884
41.149,0.814774,0.247569,0.443971,0.636754
41.159,0.805755,0.244810,0.443983,0.626250
41.169,0.803876,0.246032,0.438017,0.627556
41.179,0.802479,0.248605,0.437792,0.624905
41.189,0.804301,0.249265,0.441433,0.624422
41.199,0.799107,0.238198,0.449333,0.616387
41.210,0.817943,0.241232,0.441944,0.644611
41.220,0.814521,0.251021,0.430118,0.644540
41.230,0.793361,0.240112,0.429479,0.622347
41.240,0.800214,0.233872,0.440380,0.625869
41.250,0.797656,0.231805,0.436921,0.625796
41.260,0.789034,0.229594,0.423095,0.625182
41.270,0.786067,0.226892,0.423656,0.622042
41.280,0.792150,0.225544,0.421089,0.631915
41.290,0.795417,0.234875,0.419424,0.633723
41.300,0.800888,0.232086,0.431654,0.633429
41.310,0.810522,0.232108,0.433246,0.644491
41.320,0.814715,0.235038,0.432097,0.649469
41.330,0.801693,0.235458,0.425272,0.637507
41.340,0.804478,0.231355,0.425970,0.642035
41.350,0.803606,0.231234,0.422792,0.643087
41.360,0.794290,0.230827,0.416574,0.635675
41.370,0.778936,0.228426,0.419168,0.615517
41.380,0.772627,0.230351,0.418956,0.606932
41.390,0.771206,0.231093,0.417790,0.605645
41.400,0.775995,0.230648,0.429123,0.604005
41.410,0.773604,0.229593,0.428585,0.601718
41.420,0.766515,0.219613,0.424434,0.599309
41.430,0.767758,0.226097,0.424948,0.598124
41.440,0.776700,0.224869,0.425363,0.609724
41.450,0.787141,0.237745,0.425020,0.618406
41.460,0.784829,0.237053,0.420127,0.619077
41.470,0.788068,0.236212,0.421735,0.622411
41.480,0.789517,0.239628,0.416556,0.626415
41.490,0.792814,0.240330,0.417349,0.629774
41.500,0.787743,0.241531,0.419489,0.621474
41.510,0.779537,0.241836,0.419878,0.610652
41.520,0.763185,0.232336,0.409579,0.600597
41.530,0.761692,0.240075,0.402283,0.600589
41.540,0.765619,0.238679,0.405987,0.603639
41.550,0.777791,0.243468,0.406428,0.616846
41.560,0.784644,0.240115,0.415445,0.620819
41.570,0.782782,0.242260,0.413372,0.619017
41.580,0.781678,0.237112,0.412943,0.619900
41.590,0.786047,0.242419,0.413585,0.622936
41.600,0.783781,0.243498,0.413606,0.619639
41.610,0.766097,0.244296,0.414817,0.595945
41.620,0.762863,0.245123,0.414486,0.591672
41.630,0.761069,0.242540,0.411836,0.592277
41.640,0.765548,0.242921,0.406039,0.601818
41.650,0.774864,0.241410,0.406771,0.613737
41.660,0.796145,0.245336,0.434231,0.620565
41.670,0.802554,0.242574,0.439940,0.625862
41.680,0.810129,0.244110,0.439946,0.634954
41.690,0.814617,0.256432,0.434235,0.639753
41.700,0.812004,0.256992,0.433701,0.636560
41.710,0.796197,0.254972,0.444500,0.609376
41.720,0.791550,0.245332,0.445354,0.606650
41.730,0.792799,0.248743,0.442462,0.609004
41.740,0.786272,0.248362,0.431321,0.608689
41.750,0.793025,0.251619,0.428510,0.618026
41.760,0.792727,0.251641,0.423553,0.621043
41.770,0.795162,0.251354,0.427646,0.621468
41.780,0.801624,0.248656,0.431747,0.627985
41.790,0.799593,0.242295,0.431033,0.628373
41.800,0.800629,0.249417,0.426448,0.630032
41.810,0.797958,0.250253,0.437365,0.618726
41.820,0.811600,0.243664,0.448150,0.631256
41.830,0.828674,0.251157,0.452407,0.647263
41.840,0.820865,0.250007,0.453001,0.637264
41.850,0.820149,0.253053,0.454752,0.633884
41.860,0.817824,0.252964,0.450261,0.634121
41.870,0.805002,0.252930,0.445688,0.620820
41.880,0.805062,0.250641,0.445908,0.621667
41.890,0.806937,0.247017,0.446274,0.625275
41.900,0.797596,0.250655,0.426285,0.625789
41.910,0.798142,0.251304,0.432955,0.621632
41.920,0.807720,0.250226,0.436307,0.632009
41.930,0.817111,0.245695,0.429927,0.649975
41.940,0.822096,0.251356,0.445714,0.643429
41.950,0.812349,0.239352,0.446643,0.634926
41.960,0.809204,0.242195,0.439046,0.635131
41.970,0.810640,0.252028,0.436280,0.635042
41.980,0.802599,0.251408,0.435549,0.625505
41.991,0.805280,0.256014,0.433746,0.628329
42.000,0.800132,0.255198,0.425567,0.627677
42.010,0.796367,0.254862,0.423961,0.624101
42.020,0.794872,0.255715,0.429258,0.618199
42.030,0.821023,0.249669,0.431759,0.652173
42.040,0.830692,0.253211,0.437835,0.658964
42.050,0.827632,0.250372,0.447982,0.649307
42.060,0.827324,0.250941,0.446959,0.649402
42.070,0.830674,0.248884,0.446333,0.654876
42.080,0.830269,0.255980,0.450151,0.648987
42.090,0.827591,0.251631,0.457291,0.642241
42.100,0.825266,0.251068,0.454043,0.641774
42.110,0.824469,0.252132,0.447880,0.644657
42.120,0.823027,0.255377,0.448585,0.641037
42.130,0.825771,0.254907,0.447140,0.645745
42.140,0.822182,0.255579,0.447545,0.640598
42.150,0.810292,0.254518,0.443164,0.628808
42.160,0.792508,0.251882,0.418364,0.624177
42.170,0.790098,0.252230,0.406817,0.628598
42.180,0.784951,0.247886,0.407026,0.623723
42.190,0.775396,0.234290,0.408918,0.615738
42.200,0.774510,0.234639,0.398690,0.621174
42.210,0.776049,0.236326,0.381376,0.633210
42.220,0.785858,0.240354,0.380674,0.644120
42.230,0.796904,0.239085,0.392639,0.650944
42.240,0.800428,0.240069,0.394013,0.654069
42.250,0.802601,0.237233,0.396949,0.655988
42.260,0.818553,0.247629,0.406117,0.666167
42.270,0.818609,0.248901,0.406136,0.665750
42.280,0.806276,0.249009,0.406820,0.650057
42.290,0.810573,0.246564,0.407452,0.655910
42.300,0.806295,0.242093,0.398129,0.658024
42.310,0.799307,0.241224,0.385693,0.657224
42.320,0.784081,0.241095,0.384052,0.639657
42.330,0.780768,0.235966,0.393043,0.632010
42.340,0.784884,0.235976,0.393264,0.636947
42.350,0.789555,0.235701,0.405599,0.635085
42.360,0.797923,0.235665,0.420115,0.636119
42.370,0.798488,0.240193,0.417228,0.637033
42.380,0.791338,0.239935,0.416329,0.628743
42.390,0.789343,0.241889,0.417283,0.624841
42.400,0.794822,0.238210,0.422335,0.629787
42.410,0.791193,0.239738,0.416510,0.628515
42.420,0.774818,0.240993,0.412177,0.610226
42.430,0.760275,0.240063,0.413426,0.591157
42.440,0.754700,0.234668,0.394934,0.598773
42.450,0.758272,0.236631,0.394263,0.602941
42.460,0.761318,0.234217,0.399310,0.604399
42.470,0.756372,0.222247,0.403658,0.599803
42.480,0.773537,0.219100,0.408654,0.619158
42.490,0.769957,0.211737,0.406837,0.618453
42.500,0.771983,0.211888,0.407152,0.620716
42.510,0.770709,0.212117,0.401506,0.622729
42.520,0.778124,0.208633,0.395713,0.636680
42.530,0.754597,0.209913,0.390704,0.610495
42.540,0.749796,0.206346,0.391596,0.605201
42.550,0.747783,0.209790,0.380108,0.608839
42.560,0.755463,0.209522,0.375191,0.621335
42.570,0.774153,0.217746,0.384505,0.635653
42.580,0.780898,0.211330,0.395372,0.639392
42.590,0.781249,0.211455,0.390680,0.642655
42.600,0.785200,0.211077,0.388339,0.648982
42.610,0.788802,0.217338,0.382647,0.654640
42.620,0.786507,0.212545,0.384318,0.652470
42.630,0.785285,0.212748,0.391647,0.646548
42.640,0.790606,0.211653,0.401370,0.647427
42.650,0.794288,0.211015,0.400898,0.652417
42.660,0.793942,0.210922,0.404981,0.649497
42.670,0.790772,0.211626,0.415340,0.638771
42.680,0.780580,0.215846,0.416007,0.624223
42.690,0.779197,0.213504,0.415336,0.623746
42.700,0.776438,0.212375,0.413984,0.621586
42.710,0.776400,0.210453,0.418273,0.619318
42.720,0.768673,0.211952,0.418091,0.609208
42.730,0.757154,0.207025,0.408128,0.603204
42.740,0.751039,0.209219,0.407450,0.595206
42.750,0.755665,0.210090,0.403714,0.603246
42.760,0.742842,0.205029,0.393840,0.595540
42.770,0.740883,0.203201,0.393443,0.593986
42.780,0.740941,0.203893,0.392175,0.594660
42.790,0.753096,0.203479,0.396692,0.606948
42.800,0.770051,0.201827,0.398456,0.627277
42.810,0.781934,0.202040,0.411094,0.633722
42.820,0.792358,0.202061,0.424104,0.638074
42.830,0.792056,0.198650,0.419290,0.641939
42.840,0.800806,0.203111,0.421944,0.649616
42.850,0.801183,0.207870,0.417363,0.651531
42.860,0.796782,0.209516,0.409456,0.650623
42.870,0.796786,0.207936,0.409591,0.651050
42.880,0.802971,0.211116,0.409869,0.657419
42.890,0.816410,0.221299,0.424734,0.661175
42.900,0.812959,0.222239,0.425242,0.656263
42.910,0.813753,0.221944,0.431632,0.653168
42.920,0.818333,0.222848,0.432992,0.657667
42.930,0.817604,0.221192,0.433365,0.657072
42.940,0.815422,0.219265,0.437868,0.652003
42.950,0.812600,0.217124,0.439911,0.647807
42.960,0.811371,0.222538,0.437034,0.646375
42.970,0.805064,0.224488,0.432929,0.640551
42.980,0.796282,0.225513,0.434655,0.627920
42.991,0.791378,0.226056,0.434620,0.621517
43.000,0.789824,0.224752,0.434479,0.620111
43.010,0.787581,0.226045,0.433659,0.617356
43.020,0.778502,0.226103,0.433775,0.605625
43.030,0.774521,0.220309,0.434131,0.602392
43.040,0.767261,0.220632,0.427161,0.597950
43.050,0.763815,0.228672,0.426349,0.591058
43.060,0.758765,0.229218,0.426093,0.584490
43.070,0.750372,0.232062,0.421589,0.575732
43.080,0.739813,0.229181,0.410619,0.571131
43.090,0.736625,0.228824,0.409037,0.568282
43.100,0.736862,0.228307,0.409559,0.568421
43.110,0.736340,0.223174,0.409543,0.569794
43.120,0.738665,0.223922,0.407549,0.573924
43.130,0.741129,0.227308,0.408593,0.575027
43.140,0.751193,0.228047,0.405908,0.589512
43.150,0.766800,0.228493,0.406177,0.608927
43.160,0.775895,0.232964,0.404162,0.619995
43.170,0.776089,0.233439,0.403686,0.620369
43.180,0.776793,0.230003,0.406923,0.620419
43.190,0.779574,0.230525,0.405526,0.624614
43.200,0.783076,0.242246,0.407858,0.623038
43.210,0.777658,0.242218,0.410839,0.614242
43.220,0.774251,0.236678,0.421026,0.605133
43.230,0.788771,0.241231,0.434070,0.612822
43.240,0.791432,0.243073,0.433354,0.616024
43.250,0.781824,0.242129,0.433846,0.603656
43.260,0.773942,0.236828,0.434348,0.595181
43.270,0.772993,0.236851,0.434316,0.593961
43.280,0.770769,0.238632,0.433024,0.591295
43.290,0.761975,0.238556,0.428484,0.583180
43.300,0.741927,0.236100,0.429504,0.556991
43.310,0.732946,0.239405,0.419444,0.551328
43.320,0.721268,0.242044,0.402416,0.547453
43.330,0.725314,0.243481,0.397662,0.555575
43.340,0.756146,0.248671,0.401550,0.590489
43.350,0.771403,0.249463,0.406233,0.606470
43.360,0.779207,0.247666,0.416473,0.610226
43.368,0.782883,0.246001,0.420354,0.612937
43.380,0.785889,0.249770,0.422733,0.613623
43.388,0.771582,0.241797,0.407249,0.609115
43.399,0.772278,0.241153,0.408242,0.609588
43.409,0.774598,0.239360,0.411880,0.610789
43.419,0.771195,0.237066,0.410792,0.608105
43.429,0.772730,0.238464,0.412788,0.608155
43.439,0.772289,0.238495,0.410634,0.609040
43.449,0.779945,0.244593,0.411424,0.615807
43.459,0.788749,0.240331,0.420961,0.622221
43.469,0.797247,0.239239,0.423052,0.631976
43.479,0.802696,0.238404,0.419808,0.641285
43.489,0.810557,0.244339,0.421363,0.647884
43.499,0.811249,0.244579,0.421647,0.648475
43.509,0.812292,0.244141,0.424470,0.648104
43.519,0.813584,0.246700,0.423832,0.649172
43.529,0.807793,0.246154,0.424555,0.641631
43.539,0.811304,0.244925,0.432112,0.641487
43.549,0.811783,0.237285,0.434045,0.643655
43.559,0.811857,0.238583,0.440225,0.639056
43.569,0.799927,0.227086,0.441274,0.627370
43.579,0.816799,0.232191,0.440664,0.647351
43.589,0.820151,0.239511,0.435535,0.652374
43.599,0.831025,0.246984,0.457326,0.648424
43.609,0.823522,0.244284,0.464728,0.634462
43.619,0.822495,0.243760,0.463068,0.634545
43.629,0.823589,0.249148,0.455313,0.639463
43.639,0.808603,0.248694,0.448598,0.625100
43.649,0.796980,0.250412,0.459367,0.601209
43.659,0.786349,0.246497,0.456214,0.591145
43.669,0.789728,0.244528,0.459348,0.594033
43.679,0.802585,0.243641,0.466738,0.605754
43.689,0.810925,0.246455,0.466986,0.615454
43.699,0.806271,0.239482,0.464323,0.614106
43.709,0.806251,0.239718,0.462973,0.615006
43.719,0.804689,0.240995,0.454158,0.619021
43.729,0.789013,0.237126,0.443196,0.608186
43.739,0.786327,0.239022,0.444394,0.603069
43.749,0.792179,0.241003,0.447557,0.607583
43.759,0.797723,0.242687,0.456142,0.607783
43.769,0.797669,0.245158,0.454604,0.607872
43.779,0.807529,0.243183,0.453912,0.622036
43.789,0.817389,0.246073,0.454025,0.633588
43.799,0.828155,0.249540,0.452970,0.646829
43.809,0.826378,0.248131,0.451048,0.646441
43.819,0.826440,0.245554,0.449511,0.648572
43.829,0.816402,0.246296,0.447474,0.636881
43.839,0.774380,0.237330,0.443421,0.588827
43.849,0.759016,0.231398,0.441461,0.572427
43.859,0.747862,0.236475,0.424970,0.568135
43.869,0.742894,0.237477,0.421317,0.563904
43.879,0.734858,0.234077,0.422115,0.554115
43.889,0.749956,0.232026,0.427918,0.570512
43.899,0.758117,0.235236,0.420691,0.585170
43.909,0.758827,0.236368,0.415670,0.589209
43.919,0.758850,0.236423,0.418642,0.587109
43.929,0.763502,0.234147,0.414965,0.596586
43.939,0.769281,0.236241,0.415153,0.603019
43.949,0.758638,0.230072,0.412492,0.593674
43.959,0.751795,0.227810,0.406429,0.590011
43.969,0.742977,0.228231,0.404034,0.580243
43.979,0.729906,0.228773,0.400286,0.565859
43.990,0.720987,0.222077,0.397805,0.558798
43.999,0.732394,0.225823,0.397530,0.572166
44.009,0.738648,0.239817,0.394748,0.576422
44.019,0.737202,0.237123,0.403856,0.569332
44.029,0.742031,0.238783,0.410242,0.570346
44.039,0.756490,0.238682,0.406246,0.591838
44.049,0.772598,0.239765,0.404781,0.612840
44.059,0.769158,0.237996,0.394945,0.615614
44.069,0.760919,0.237012,0.397636,0.603911
44.079,0.747593,0.232761,0.396129,0.589745
44.089,0.742051,0.223015,0.396497,0.586255
44.099,0.728003,0.220670,0.368094,0.588047
44.109,0.725746,0.220779,0.362250,0.588846
44.119,0.728260,0.225266,0.368022,0.586667
44.129,0.718628,0.216665,0.368109,0.577908
44.139,0.721162,0.221914,0.373470,0.575630
44.149,0.717651,0.219873,0.361307,0.579773
44.159,0.733631,0.230396,0.360600,0.595902
44.169,0.727685,0.231906,0.347209,0.595979
44.179,0.719390,0.231793,0.352656,0.582603
44.189,0.731746,0.228463,0.365479,0.591340
44.199,0.743508,0.226164,0.368739,0.604719
44.210,0.747860,0.226693,0.366353,0.611302
44.219,0.740753,0.225732,0.365429,0.603508
44.229,0.749089,0.224785,0.377356,0.606802
44.239,0.753553,0.219364,0.376754,0.614637
44.249,0.756475,0.225971,0.377571,0.615330
44.259,0.754896,0.228617,0.374006,0.614591
44.269,0.753675,0.228476,0.373224,0.613619
44.279,0.743751,0.229035,0.370156,0.603070
44.289,0.722469,0.228719,0.373912,0.574316
44.299,0.718077,0.225764,0.374691,0.569448
44.309,0.730238,0.225928,0.374267,0.584918
44.320,0.731932,0.226478,0.372463,0.587965
44.330,0.730792,0.224738,0.377962,0.583690
44.339,0.745612,0.225629,0.390853,0.593518
44.349,0.749267,0.223036,0.383796,0.603619
44.359,0.748301,0.217665,0.383936,0.604293
44.369,0.751365,0.215647,0.388310,0.606021
44.379,0.752610,0.216106,0.387632,0.607833
44.389,0.748088,0.215668,0.382361,0.605742
44.399,0.733696,0.216404,0.382254,0.587674
44.409,0.731842,0.215338,0.376814,0.589266
44.419,0.738376,0.221095,0.374417,0.596764
44.429,0.736956,0.221746,0.380196,0.591087
44.439,0.730312,0.219501,0.387317,0.578930
44.449,0.753070,0.223340,0.387160,0.606086
44.459,0.759920,0.227579,0.381811,0.616365
44.469,0.767352,0.230426,0.392607,0.617732
44.480,0.771590,0.230964,0.400409,0.617802
44.489,0.787389,0.232989,0.402954,0.635079
44.499,0.792298,0.236759,0.402980,0.639756
44.509,0.785880,0.227033,0.403306,0.635144
44.519,0.787228,0.227596,0.395496,0.641491
44.530,0.786548,0.228876,0.391491,0.642657
44.539,0.770878,0.232729,0.386593,0.625009
44.550,0.753955,0.228343,0.389161,0.604038
44.559,0.773696,0.238666,0.391726,0.623053
44.569,0.773069,0.239226,0.384406,0.626610
44.579,0.770971,0.239302,0.386837,0.622485
44.589,0.771754,0.240298,0.388576,0.621989
44.599,0.772337,0.236608,0.388566,0.624129
44.609,0.771548,0.239930,0.385518,0.623775
44.620,0.779336,0.235068,0.384902,0.635576
44.629,0.786281,0.237862,0.386627,0.642012
44.640,0.798236,0.233271,0.400072,0.650160
44.649,0.805850,0.235978,0.400861,0.658042
44.660,0.800144,0.225558,0.400074,0.655205
44.670,0.807305,0.229145,0.403705,0.660497
44.679,0.794447,0.229374,0.383900,0.656623
44.690,0.775307,0.229470,0.373913,0.639245
44.700,0.765947,0.233264,0.378959,0.623420
44.710,0.758380,0.232322,0.371795,0.618817
44.719,0.767811,0.234095,0.371388,0.629925
44.729,0.774209,0.235168,0.369540,0.638385
44.740,0.777693,0.234628,0.388339,0.631624
44.749,0.778520,0.225496,0.400117,0.628611
44.760,0.784960,0.222834,0.401221,0.636812
44.770,0.786179,0.226969,0.400698,0.637184
44.780,0.791339,0.226737,0.409273,0.638203
44.790,0.791653,0.225764,0.407503,0.640068
44.800,0.786419,0.226775,0.414755,0.628495
44.810,0.775230,0.223671,0.413950,0.616115
44.820,0.788268,0.227583,0.412221,0.632176
44.830,0.783705,0.229217,0.402344,0.632275
44.840,0.773537,0.227802,0.398536,0.622603
44.850,0.766126,0.227895,0.397380,0.614087
44.860,0.768616,0.229402,0.399453,0.615291
44.870,0.769374,0.228864,0.395913,0.618717
44.880,0.785105,0.226710,0.394245,0.639972
44.890,0.783934,0.230879,0.396577,0.635590
44.900,0.787156,0.228251,0.401502,0.637427
44.909,0.785143,0.229392,0.401511,0.634522
44.920,0.794141,0.229494,0.403498,0.644345
44.930,0.801949,0.240306,0.407577,0.647500
44.940,0.799868,0.241250,0.401543,0.648345
44.950,0.778817,0.237741,0.401670,0.623455
44.960,0.781658,0.233865,0.421405,0.615398
44.970,0.781513,0.231760,0.413333,0.621455
44.980,0.784468,0.229505,0.405329,0.631209
44.990,0.767259,0.228044,0.403238,0.611622
45.000,0.754835,0.220086,0.403759,0.598595
45.010,0.752388,0.215009,0.402196,0.598413
45.020,0.745409,0.213784,0.402407,0.589915
45.030,0.755581,0.211246,0.419507,0.591855
45.040,0.760918,0.210209,0.421719,0.597463
45.050,0.765505,0.220739,0.416735,0.602995
45.060,0.746844,0.211037,0.424040,0.577434
45.070,0.757445,0.211788,0.426371,0.589132
45.080,0.758355,0.215218,0.424624,0.590320
45.090,0.758271,0.216447,0.423275,0.590732
45.100,0.765087,0.218668,0.422376,0.599283
45.110,0.766940,0.214738,0.425008,0.601209
45.120,0.756994,0.215290,0.422345,0.590183
45.130,0.759678,0.212727,0.421332,0.595263
45.140,0.750495,0.215323,0.404992,0.594020
45.150,0.745093,0.212860,0.419529,0.577796
45.160,0.740500,0.217051,0.425421,0.565903
45.170,0.729941,0.214064,0.421300,0.556324
45.180,0.732920,0.222325,0.422222,0.556302
45.190,0.742478,0.223078,0.425569,0.566040
45.200,0.748576,0.223241,0.418631,0.579031
45.210,0.751275,0.224256,0.422841,0.579076
45.220,0.739037,0.223397,0.420246,0.565388
45.230,0.727639,0.222778,0.414707,0.554839
45.240,0.716513,0.220881,0.396381,0.554514
45.250,0.705809,0.220452,0.382682,0.550565
45.260,0.703697,0.219735,0.386253,0.545632
45.270,0.709702,0.216873,0.397953,0.546147
45.280,0.712394,0.217217,0.396089,0.550850
45.290,0.709651,0.216009,0.391657,0.550953
45.300,0.708536,0.216552,0.388063,0.551848
45.310,0.715990,0.216714,0.389951,0.560013
45.320,0.709835,0.216616,0.390082,0.552068
45.330,0.708311,0.213666,0.390627,0.550873
45.340,0.704570,0.215910,0.383367,0.550302
45.350,0.704487,0.216158,0.382002,0.551046
45.360,0.705664,0.215231,0.379521,0.554618
45.370,0.703119,0.215215,0.378421,0.552139
45.380,0.688365,0.212933,0.387491,0.527595
45.390,0.683541,0.212685,0.384227,0.523796
45.400,0.686404,0.210786,0.392549,0.522136
45.410,0.684992,0.210781,0.392973,0.519959
45.420,0.661813,0.203173,0.388905,0.495449
45.430,0.659603,0.194724,0.388310,0.496361
45.440,0.672927,0.198324,0.385493,0.514679
45.450,0.672718,0.199093,0.388374,0.511934
45.460,0.661098,0.197135,0.368378,0.512334
45.470,0.657578,0.194063,0.371315,0.506827
45.480,0.649020,0.194030,0.370491,0.496302
45.490,0.649282,0.191678,0.371175,0.497047
45.500,0.662322,0.190825,0.388193,0.501561
45.510,0.664484,0.191459,0.389263,0.503346
45.520,0.674837,0.191483,0.405981,0.503903
45.530,0.663408,0.197404,0.383456,0.504087
45.540,0.657111,0.189920,0.385310,0.497254
45.550,0.649386,0.182706,0.390762,0.485412
45.560,0.647952,0.188716,0.380380,0.489427
45.570,0.648174,0.188639,0.391861,0.480613
45.580,0.661599,0.185092,0.391553,0.500140
45.590,0.656497,0.185231,0.391512,0.493352
45.600,0.648862,0.184671,0.391606,0.483283
45.610,0.654927,0.186013,0.396274,0.487129
45.620,0.655799,0.184062,0.398934,0.486873
45.630,0.642791,0.184485,0.398613,0.469311
45.640,0.638440,0.183375,0.399340,0.463150
45.650,0.629794,0.182218,0.385739,0.463296
45.660,0.628621,0.180666,0.384808,0.463084
45.670,0.634233,0.181219,0.388891,0.467092
45.680,0.636507,0.175346,0.394141,0.468025
45.690,0.626922,0.174314,0.395113,0.454457
45.700,0.622114,0.166253,0.410622,0.436779
45.710,0.654169,0.167103,0.430396,0.463435
45.720,0.659361,0.168042,0.429443,0.471272
45.730,0.664134,0.171231,0.429618,0.476636
45.740,0.672487,0.172494,0.429639,0.487744
45.750,0.682123,0.184277,0.436781,0.490465
45.760,0.673548,0.185823,0.426808,0.486797
45.770,0.666235,0.183066,0.417437,0.485904
45.780,0.661747,0.186796,0.415471,0.480000
45.790,0.663812,0.184720,0.415917,0.483257
45.800,0.665264,0.184846,0.416191,0.484966
45.810,0.652297,0.185395,0.413746,0.468972
45.820,0.641504,0.181873,0.413441,0.455540
45.830,0.639867,0.183440,0.412467,0.453487
45.840,0.641668,0.181097,0.416315,0.453457
45.850,0.643613,0.181789,0.415707,0.456485
45.860,0.639104,0.182330,0.415974,0.449638
45.870,0.650603,0.184358,0.420681,0.460786
45.880,0.651099,0.189517,0.413803,0.465598
45.890,0.652048,0.189080,0.414369,0.466599
45.900,0.648565,0.196980,0.402078,0.469222
45.910,0.651907,0.194034,0.409462,0.468694
45.920,0.661877,0.191007,0.422102,0.472681
45.930,0.662258,0.192767,0.413134,0.480361
45.940,0.644008,0.189930,0.411226,0.457784
45.950,0.651976,0.189592,0.407095,0.472654
45.960,0.666771,0.192514,0.407411,0.491465
45.970,0.663132,0.194957,0.406130,0.486615
45.980,0.663350,0.194993,0.406056,0.486960
45.990,0.667187,0.194872,0.413657,0.485852
46.000,0.654349,0.196129,0.397142,0.481648
46.010,0.660709,0.196525,0.406811,0.482097
46.020,0.656280,0.205745,0.392649,0.483941
46.030,0.650479,0.197949,0.392649,0.479338
46.040,0.650389,0.200304,0.393457,0.477572
46.050,0.647891,0.202675,0.387488,0.478057
46.060,0.650362,0.197720,0.391359,0.480328
46.070,0.648559,0.200932,0.377085,0.487915
46.080,0.636738,0.198301,0.384238,0.467412
46.090,0.638586,0.198882,0.384207,0.469705
46.100,0.637747,0.201324,0.384892,0.466956
46.110,0.635384,0.199652,0.388571,0.461371
46.120,0.652510,0.200536,0.396124,0.478164
46.130,0.658791,0.197747,0.395832,0.488077
46.140,0.661707,0.198467,0.400856,0.487628
46.150,0.663102,0.197512,0.397881,0.492326
46.160,0.677502,0.203444,0.408239,0.500960
46.170,0.675529,0.202468,0.409043,0.498026
46.180,0.677895,0.202720,0.402925,0.506061
46.190,0.679442,0.215096,0.398911,0.506206
46.200,0.674216,0.215670,0.384579,0.510051
46.210,0.646179,0.219405,0.357807,0.491307
46.220,0.641420,0.218088,0.357931,0.485534
46.230,0.637115,0.217395,0.357769,0.480267
46.240,0.631461,0.216387,0.358773,0.472442
46.250,0.618706,0.207184,0.349073,0.466926
46.260,0.618857,0.205310,0.349276,0.467802
46.270,0.619625,0.205184,0.350583,0.467895
46.280,0.618359,0.203672,0.349846,0.467433
46.290,0.616082,0.203673,0.353228,0.461848
46.300,0.620811,0.202223,0.353071,0.468885
46.310,0.621724,0.202129,0.352115,0.470850
46.320,0.630643,0.201933,0.358502,0.477922
46.330,0.635717,0.202140,0.360736,0.482851
46.340,0.645768,0.205636,0.368026,0.489169
46.350,0.647379,0.210755,0.367898,0.489217
46.360,0.651140,0.209195,0.367923,0.494826
46.370,0.637109,0.208259,0.361489,0.481520
46.380,0.642638,0.215567,0.359665,0.486986
46.390,0.644505,0.218385,0.358610,0.488972
46.400,0.651535,0.210009,0.379841,0.485917
46.410,0.648934,0.210814,0.374807,0.485997
46.420,0.641311,0.214407,0.360849,0.484868
46.430,0.634062,0.213077,0.364629,0.472946
46.440,0.637874,0.212102,0.365248,0.478005
46.450,0.631251,0.211509,0.376041,0.460798
46.460,0.615777,0.208957,0.378038,0.438868
46.470,0.619684,0.207142,0.376459,0.446519
46.480,0.626215,0.207088,0.376468,0.455557
46.490,0.626316,0.215051,0.371560,0.456035
46.500,0.627463,0.214895,0.372051,0.457284
46.510,0.623175,0.224015,0.359290,0.457248
46.520,0.620543,0.215284,0.364271,0.453909
46.530,0.622213,0.215655,0.364510,0.455822
46.540,0.619009,0.216032,0.357782,0.456612
46.550,0.617893,0.215316,0.357640,0.455548
46.560,0.627089,0.216516,0.353997,0.470156
46.570,0.615213,0.213274,0.354402,0.455412
46.580,0.623196,0.213044,0.367943,0.455635
46.590,0.622441,0.212176,0.367943,0.455008
46.600,0.624552,0.210079,0.377874,0.450713
46.610,0.621941,0.209986,0.365501,0.457302
46.620,0.614428,0.212947,0.354181,0.454677
46.630,0.609932,0.217529,0.355556,0.445285
46.640,0.610836,0.217267,0.358386,0.444382
46.650,0.607550,0.219024,0.358900,0.438561
46.660,0.589683,0.217766,0.342618,0.427687
46.670,0.589632,0.218025,0.337037,0.431899
46.680,0.596478,0.225306,0.339314,0.435762
46.690,0.592296,0.213402,0.339453,0.435943
46.700,0.592854,0.214494,0.341974,0.434192
46.710,0.585182,0.209905,0.342423,0.425587
46.720,0.589421,0.210037,0.348257,0.426636
46.730,0.611249,0.207467,0.351781,0.454788
46.740,0.607658,0.208145,0.347721,0.452785
46.750,0.606642,0.211697,0.347308,0.450085
46.760,0.610817,0.211865,0.347730,0.455296
46.770,0.622179,0.211936,0.363924,0.457984
46.780,0.626221,0.209714,0.362712,0.465417
46.790,0.631741,0.211836,0.362152,0.472301
46.800,0.623907,0.216824,0.358115,0.462602
46.810,0.629464,0.218359,0.361885,0.466459
46.820,0.628801,0.224654,0.356168,0.466974
46.830,0.624458,0.223399,0.355001,0.462617
46.840,0.619171,0.220167,0.347760,0.462560
46.850,0.620640,0.216625,0.349200,0.465110
46.860,0.621242,0.217902,0.350006,0.464711
46.870,0.640068,0.219948,0.350253,0.488500
46.880,0.636047,0.208416,0.361156,0.480297
46.890,0.638542,0.202958,0.373642,0.476378
46.900,0.630182,0.206821,0.358198,0.475446
46.910,0.633827,0.205885,0.357912,0.480881
46.920,0.637789,0.202502,0.361179,0.485095
46.930,0.642607,0.207179,0.357547,0.492119
46.940,0.644419,0.207187,0.360506,0.492326
46.950,0.643928,0.208895,0.350910,0.497863
46.960,0.642179,0.209514,0.346878,0.498170
46.970,0.639736,0.211785,0.346470,0.494336
46.980,0.639846,0.214022,0.346467,0.493515
46.990,0.636965,0.207053,0.343731,0.494673
47.000,0.644404,0.206999,0.342437,0.505119
47.010,0.646486,0.197714,0.342774,0.511233
47.020,0.646792,0.197794,0.341029,0.512754
47.030,0.655371,0.196919,0.356482,0.513473
47.040,0.655560,0.193553,0.358603,0.513518
47.050,0.661829,0.192571,0.359099,0.521519
47.060,0.657273,0.192456,0.360471,0.514809
47.070,0.665932,0.197618,0.374595,0.513897
47.080,0.655002,0.199557,0.352779,0.514540
47.090,0.653370,0.199635,0.352888,0.512356
47.100,0.652862,0.210028,0.342576,0.514547
47.110,0.659260,0.210046,0.343693,0.521899
47.120,0.666602,0.209279,0.343607,0.531503
47.130,0.664420,0.204876,0.342040,0.531497
47.140,0.663534,0.204611,0.340526,0.531464
47.150,0.663498,0.202679,0.342182,0.531095
47.160,0.675927,0.196396,0.355706,0.540166
47.170,0.688978,0.196690,0.357658,0.555053
47.180,0.681788,0.189349,0.359671,0.547374
47.190,0.686604,0.188405,0.365160,0.550079
47.200,0.691112,0.189838,0.362394,0.557016
47.210,0.697961,0.189676,0.361971,0.565817
47.220,0.696380,0.190261,0.357925,0.566246
47.230,0.681963,0.196906,0.355024,0.547959
47.240,0.680543,0.195228,0.355173,0.546695
47.250,0.702718,0.204852,0.353845,0.571526
47.260,0.697796,0.205372,0.352722,0.565976
47.270,0.702008,0.205476,0.360494,0.566250
47.280,0.701254,0.205532,0.363041,0.563661
47.290,0.698708,0.203138,0.367818,0.558245
47.300,0.710715,0.197461,0.368094,0.575005
47.310,0.716705,0.200364,0.369197,0.580701
47.320,0.717115,0.195826,0.384620,0.572690
47.330,0.720944,0.196506,0.384520,0.577312
47.340,0.718961,0.195991,0.379625,0.578254
47.350,0.715294,0.195374,0.378366,0.574729
47.360,0.715829,0.194572,0.378646,0.575482
47.370,0.698422,0.191256,0.378271,0.555091
47.380,0.711465,0.204342,0.366026,0.574849
47.390,0.709300,0.205693,0.354061,0.579169
47.400,0.715139,0.201859,0.364262,0.581369
47.410,0.715992,0.201880,0.367855,0.580149
47.420,0.712242,0.201636,0.369363,0.574633
47.430,0.719405,0.197046,0.370191,0.584530
47.440,0.721848,0.201922,0.367852,0.587348
47.450,0.725165,0.202172,0.377565,0.585180
47.460,0.729655,0.204606,0.380820,0.587800
47.470,0.734938,0.201632,0.386730,0.591540
47.480,0.731160,0.199098,0.386587,0.587797
47.490,0.729949,0.198120,0.386144,0.586913
47.500,0.724878,0.198825,0.386264,0.580273
47.510,0.745135,0.206332,0.387090,0.602341
47.520,0.745480,0.206429,0.384130,0.604626
47.530,0.736416,0.207262,0.369319,0.602458
47.540,0.738957,0.210413,0.372894,0.602274
47.550,0.741260,0.209972,0.379557,0.601095
47.560,0.734356,0.209399,0.380398,0.592223
47.570,0.727056,0.211259,0.366387,0.591389
47.580,0.741790,0.212421,0.367966,0.608055
47.590,0.743818,0.212842,0.370381,0.608918
47.600,0.746725,0.204530,0.382878,0.607593
47.610,0.737694,0.205580,0.381781,0.596802
47.620,0.731560,0.202491,0.394351,0.581950
47.630,0.739271,0.202707,0.397088,0.589706
47.640,0.736408,0.202299,0.391928,0.589715
47.650,0.746187,0.203778,0.391324,0.601776
47.660,0.741842,0.207679,0.386789,0.597991
47.670,0.734507,0.207275,0.399017,0.580795
47.680,0.732703,0.204990,0.401619,0.577525
47.690,0.739558,0.205003,0.402663,0.585476
47.700,0.734574,0.201935,0.399060,0.582729
47.710,0.732549,0.208177,0.403053,0.575185
47.720,0.733389,0.207551,0.403346,0.576276
47.730,0.738916,0.206444,0.404397,0.582959
47.740,0.737521,0.207199,0.404768,0.580662
47.750,0.717322,0.195250,0.404904,0.559000
47.760,0.718850,0.196541,0.407002,0.558987
47.770,0.715443,0.196282,0.388847,0.567565
47.780,0.722235,0.200797,0.386488,0.576135
47.790,0.718426,0.201325,0.380118,0.575425
47.800,0.710915,0.201517,0.384905,0.562707
47.810,0.703707,0.196745,0.388784,0.552578
47.820,0.703725,0.194298,0.380957,0.558883
47.830,0.702785,0.194120,0.383641,0.555917
47.840,0.702524,0.197122,0.383957,0.554310
47.850,0.705927,0.199380,0.384714,0.557294
47.860,0.705441,0.209164,0.382875,0.554350
47.870,0.708719,0.213051,0.386569,0.554488
47.880,0.685763,0.200493,0.386474,0.529823
47.890,0.681631,0.199363,0.387076,0.524449
47.900,0.686091,0.199699,0.376700,0.537530
47.910,0.687061,0.202507,0.372039,0.540953
47.920,0.683872,0.203559,0.367451,0.539652
47.930,0.678013,0.203044,0.366772,0.532872
47.940,0.676282,0.198343,0.373759,0.527562
47.950,0.672933,0.196623,0.369027,0.527254
47.960,0.671759,0.196946,0.366851,0.527155
47.970,0.668799,0.200228,0.362690,0.525030
47.980,0.676593,0.201091,0.364638,0.533273
47.990,0.680882,0.203967,0.364927,0.537425
48.000,0.681604,0.203716,0.373749,0.532349
48.010,0.654192,0.196177,0.373689,0.499838
48.020,0.652338,0.196162,0.374580,0.496745
48.030,0.662532,0.195344,0.374741,0.510254
48.040,0.665177,0.192796,0.368769,0.518940
48.050,0.660542,0.198395,0.364925,0.513600
48.060,0.661375,0.197328,0.363426,0.516140
48.070,0.665088,0.193063,0.366998,0.519981
48.080,0.649246,0.188202,0.367730,0.500875
48.090,0.661491,0.193508,0.364754,0.516798
48.100,0.659569,0.200569,0.352290,0.520284
48.110,0.661172,0.199547,0.354645,0.521111
48.120,0.658061,0.201359,0.352970,0.517601
48.130,0.652016,0.200876,0.353385,0.509797
48.140,0.665451,0.200844,0.367971,0.516802
48.150,0.667642,0.199413,0.367390,0.520581
48.160,0.657935,0.194654,0.358922,0.515910
48.170,0.650622,0.194359,0.341482,0.518579
48.180,0.654281,0.199434,0.338034,0.523491
48.190,0.646708,0.202873,0.335710,0.514171
48.200,0.644002,0.203466,0.335704,0.510532
48.210,0.653583,0.201873,0.332605,0.525159
48.220,0.654849,0.205356,0.338503,0.521605
48.230,0.646953,0.201725,0.336354,0.514510
48.240,0.649178,0.201062,0.336929,0.517189
48.250,0.661461,0.201344,0.358210,0.518341
48.260,0.670169,0.199383,0.357925,0.530342
48.270,0.666259,0.201784,0.357764,0.524584
48.280,0.657263,0.198384,0.359081,0.513516
48.290,0.657118,0.197625,0.358449,0.514065
48.300,0.652433,0.199037,0.355363,0.509677
48.310,0.647613,0.198279,0.344061,0.511577
48.320,0.654702,0.198687,0.339341,0.523455
48.330,0.684251,0.210848,0.340612,0.554731
48.340,0.691093,0.209119,0.357209,0.553427
48.350,0.689113,0.205277,0.360249,0.550417
48.360,0.689968,0.198000,0.360283,0.554119
48.370,0.691932,0.194190,0.366471,0.553858
48.380,0.695663,0.194743,0.366366,0.558389
48.390,0.699431,0.198225,0.365169,0.562639
48.400,0.690764,0.199623,0.370074,0.548043
48.410,0.691704,0.197297,0.371875,0.548851
48.420,0.702853,0.197681,0.374029,0.561272
48.430,0.707870,0.203680,0.384293,0.558492
48.440,0.707017,0.205974,0.382765,0.557619
48.450,0.707648,0.207211,0.377186,0.561747
48.460,0.703765,0.204464,0.376803,0.558121
48.470,0.702371,0.203372,0.374869,0.558067
48.480,0.706336,0.204342,0.375025,0.562593
48.490,0.715207,0.207165,0.374544,0.572993
48.500,0.726161,0.206603,0.385285,0.579811
48.510,0.734542,0.206348,0.386818,0.589358
48.520,0.746449,0.206878,0.388016,0.603184
48.530,0.738633,0.206544,0.388281,0.593428
48.540,0.732002,0.206193,0.388835,0.584908
48.550,0.730296,0.202069,0.388831,0.584218
48.560,0.729657,0.203657,0.394758,0.578869
48.570,0.728409,0.201702,0.391247,0.580364
48.580,0.740009,0.202474,0.403166,0.586579
48.590,0.731003,0.201364,0.405184,0.574147
48.600,0.736395,0.191829,0.415688,0.576787
48.610,0.742185,0.192353,0.425744,0.576698
48.620,0.758430,0.201066,0.418759,0.599524
48.630,0.763453,0.213726,0.416102,0.603357
48.640,0.752248,0.213812,0.402585,0.598403
48.650,0.744410,0.213635,0.408599,0.584426
48.660,0.747969,0.213720,0.414066,0.585090
48.670,0.746627,0.214212,0.414751,0.582706
48.680,0.744026,0.213233,0.409607,0.583378
48.690,0.748172,0.213704,0.407900,0.589669
48.700,0.749160,0.215059,0.409122,0.589585
48.710,0.746019,0.211739,0.417285,0.581019
48.720,0.759967,0.208497,0.412876,0.603003
48.730,0.769944,0.213233,0.414187,0.613021
48.740,0.769614,0.215750,0.413285,0.612334
48.750,0.760619,0.216329,0.399013,0.610353
48.760,0.754541,0.215668,0.401324,0.601463
48.770,0.751498,0.214672,0.397143,0.600785
48.780,0.749402,0.214272,0.392184,0.601566
48.790,0.754124,0.215677,0.392638,0.606648
48.800,0.755269,0.214574,0.391498,0.609195
48.810,0.754656,0.215157,0.393020,0.607246
48.820,0.754666,0.214936,0.398180,0.603966
48.830,0.737010,0.202685,0.393112,0.589548
48.840,0.735546,0.208470,0.380843,0.593740
48.850,0.735041,0.207408,0.379386,0.594419
48.860,0.731099,0.208271,0.379180,0.589366
48.870,0.735287,0.210262,0.371836,0.598477
48.880,0.738089,0.211125,0.377729,0.597931
48.890,0.733922,0.207768,0.378097,0.593731
48.900,0.736976,0.206017,0.384676,0.593899
48.910,0.731021,0.206904,0.381639,0.588162
48.920,0.720241,0.205581,0.379228,0.576775
48.930,0.714574,0.198090,0.371086,0.577643
48.940,0.720023,0.198204,0.362626,0.589619
48.950,0.718616,0.199849,0.364999,0.585871
48.960,0.725085,0.200100,0.372092,0.589284
48.970,0.726632,0.203770,0.372114,0.589918
48.980,0.729230,0.206627,0.370993,0.592829
48.990,0.724114,0.204587,0.371333,0.587024
49.000,0.713436,0.205971,0.359136,0.581024
49.010,0.711439,0.206725,0.364785,0.574754
49.020,0.701999,0.205767,0.361512,0.565484
49.030,0.702336,0.206031,0.362629,0.565090
49.040,0.704035,0.205971,0.362488,0.567313
49.050,0.702294,0.205163,0.359017,0.567655
49.060,0.700011,0.209855,0.351644,0.567735
49.070,0.695802,0.211348,0.352777,0.561268
49.080,0.687332,0.212436,0.342620,0.556694
49.090,0.688622,0.215044,0.341015,0.558270
49.100,0.681173,0.215422,0.331271,0.554842
49.110,0.684381,0.216370,0.337825,0.554469
49.120,0.677522,0.206328,0.351669,0.541104
49.130,0.683082,0.193262,0.353199,0.551816
49.140,0.682242,0.194533,0.350926,0.551781
49.150,0.678810,0.194546,0.344944,0.551315
49.160,0.677435,0.194915,0.340631,0.552174
49.170,0.690272,0.194253,0.338877,0.569125
49.180,0.688153,0.190957,0.338132,0.568117
49.190,0.685751,0.190201,0.348686,0.559014
49.200,0.684665,0.196587,0.347616,0.556132
49.210,0.673000,0.193976,0.334471,0.550846
49.220,0.656295,0.198846,0.335341,0.527949
49.230,0.647024,0.193561,0.336351,0.517728
49.240,0.650814,0.193061,0.340435,0.519991
49.250,0.648029,0.192918,0.337001,0.518801
49.260,0.643659,0.192863,0.334337,0.515092
49.270,0.647265,0.191354,0.334513,0.520035
49.280,0.657217,0.191763,0.337246,0.530496
49.290,0.658537,0.194294,0.337419,0.531102
49.300,0.662509,0.193744,0.342812,0.532786
49.310,0.667781,0.198434,0.340763,0.538921
49.320,0.664542,0.198872,0.334926,0.538414
49.330,0.656576,0.203259,0.335786,0.526333
49.340,0.648130,0.197821,0.333402,0.519406
49.350,0.656573,0.197692,0.340045,0.525714
49.360,0.687871,0.199622,0.343380,0.561612
49.370,0.688806,0.198188,0.344008,0.562880
49.380,0.690508,0.198646,0.342891,0.565479
49.390,0.696845,0.198052,0.349884,0.569166
49.400,0.710398,0.197838,0.332825,0.595611
49.410,0.720370,0.199606,0.334101,0.606191
49.420,0.728841,0.200443,0.341378,0.611958
49.430,0.731247,0.206430,0.351464,0.607110
49.440,0.740233,0.204286,0.357591,0.615095
49.450,0.759193,0.213356,0.354762,0.636394
49.460,0.758476,0.214262,0.349530,0.638127
49.470,0.760439,0.208326,0.363815,0.634434
49.480,0.763755,0.206556,0.365942,0.637764
49.490,0.777002,0.208963,0.365687,0.652947
49.500,0.783517,0.208061,0.364883,0.661414
49.510,0.787265,0.207440,0.376575,0.659505
49.520,0.793816,0.207456,0.380520,0.665064
49.530,0.801705,0.208046,0.384855,0.671814
49.540,0.806790,0.216162,0.389305,0.672774
49.550,0.815389,0.216285,0.403997,0.674437
49.560,0.821814,0.210163,0.413052,0.678674
49.570,0.838704,0.220469,0.413691,0.695470
49.580,0.848352,0.227894,0.416031,0.703338
49.590,0.853639,0.221697,0.435087,0.700178
49.600,0.855114,0.221233,0.439521,0.699354
49.610,0.854287,0.223099,0.423745,0.707441
49.620,0.847931,0.225449,0.414482,0.704532
49.630,0.841731,0.226366,0.417741,0.694810
49.640,0.850606,0.226411,0.430745,0.697658
49.650,0.865241,0.226615,0.432352,0.714395
49.660,0.876171,0.226446,0.432569,0.727517
49.670,0.882718,0.232027,0.444316,0.726594
49.680,0.884809,0.230084,0.451362,0.725410
49.690,0.890487,0.228584,0.445923,0.736118
49.700,0.898058,0.223129,0.447107,0.746201
49.710,0.911253,0.227843,0.448003,0.760107
49.720,0.912750,0.223770,0.451723,0.760911
49.730,0.918240,0.222458,0.458146,0.764055
49.740,0.925176,0.222722,0.456287,0.773400
49.750,0.935556,0.224957,0.456027,0.785302
49.760,0.941002,0.226743,0.465571,0.785695
49.770,0.937493,0.226694,0.468587,0.779698
49.780,0.930556,0.227788,0.466476,0.772299
49.790,0.926147,0.225064,0.464827,0.768784
49.800,0.924925,0.229347,0.465055,0.765905
49.810,0.921202,0.224599,0.468538,0.760685
49.820,0.915020,0.225595,0.471500,0.751037
49.830,0.922502,0.229362,0.478542,0.754586
49.840,0.925849,0.231663,0.484583,0.754127
49.850,0.921534,0.231994,0.485499,0.748128
49.860,0.897524,0.227625,0.483501,0.721084
49.870,0.892331,0.228395,0.482949,0.714738
49.880,0.886593,0.227206,0.481714,0.708786
49.890,0.884453,0.227256,0.476063,0.709913
49.900,0.867206,0.227454,0.476026,0.688266
49.910,0.860642,0.225188,0.474931,0.681496
49.920,0.853407,0.224834,0.469637,0.676162
49.930,0.847087,0.220079,0.464832,0.673092
49.940,0.834657,0.222592,0.460965,0.659255
49.950,0.818889,0.219454,0.462083,0.639452
49.960,0.814536,0.219438,0.461298,0.634444
49.970,0.808587,0.224116,0.450391,0.633035
49.980,0.804471,0.226723,0.449260,0.627643
49.990,0.789124,0.225937,0.449165,0.608210
50.000,0.779704,0.225410,0.448405,0.596708
50.010,0.768820,0.225534,0.432686,0.594138
50.020,0.763213,0.228016,0.429572,0.588192
50.030,0.757710,0.229970,0.425125,0.583530
50.040,0.748559,0.222689,0.420567,0.577817
50.050,0.745037,0.222026,0.414821,0.577674
50.060,0.748235,0.222141,0.406506,0.587590
50.070,0.739270,0.211843,0.404360,0.581495
50.080,0.730956,0.207249,0.409114,0.569183
50.090,0.726855,0.207326,0.395287,0.573657
50.100,0.729996,0.210217,0.389338,0.580619
50.110,0.732491,0.211203,0.390036,0.582931
50.120,0.719384,0.212988,0.383441,0.570195
50.130,0.718509,0.213119,0.378869,0.572096
50.140,0.713441,0.211165,0.370756,0.571792
50.150,0.727629,0.215930,0.375454,0.584681
50.160,0.719539,0.216104,0.377268,0.573328
50.170,0.712409,0.211391,0.376162,0.566870
50.180,0.718641,0.211383,0.381652,0.571055
50.190,0.724242,0.210807,0.379068,0.579996
50.200,0.716153,0.208071,0.378548,0.571212
50.210,0.704516,0.205898,0.380401,0.556097
50.220,0.703904,0.206452,0.384187,0.552502
50.230,0.696375,0.209509,0.374220,0.548637
50.240,0.691614,0.213880,0.375860,0.539736
50.250,0.685449,0.215284,0.381997,0.526850
50.260,0.680610,0.213380,0.376705,0.525160
50.270,0.681050,0.213397,0.378141,0.524691
50.280,0.679665,0.215538,0.378745,0.521574
50.290,0.681360,0.216605,0.378499,0.523519
50.300,0.683965,0.213079,0.373533,0.531863
50.310,0.682976,0.213286,0.368683,0.533890
50.320,0.679293,0.212042,0.363908,0.532961
50.330,0.671099,0.205191,0.354132,0.531847
50.340,0.680812,0.200159,0.361357,0.541167
50.350,0.676553,0.202270,0.352717,0.540741
50.360,0.680098,0.203385,0.353701,0.544117
50.370,0.688310,0.202459,0.358443,0.551635
50.380,0.712589,0.203724,0.357085,0.582040
50.390,0.719320,0.208710,0.359219,0.587217
50.400,0.724418,0.211072,0.363199,0.590183
50.410,0.723345,0.212630,0.364242,0.587659
50.420,0.731950,0.212260,0.366574,0.596925
50.430,0.733014,0.215289,0.361932,0.599970
50.440,0.726998,0.212683,0.359455,0.595050
50.450,0.729912,0.207062,0.367734,0.595541
50.460,0.733441,0.205211,0.374809,0.596106
50.470,0.731279,0.200522,0.374706,0.595109
50.480,0.721956,0.194914,0.372227,0.587091
50.490,0.726872,0.191437,0.371921,0.594449
50.500,0.732738,0.197205,0.370377,0.600696
50.510,0.735468,0.197610,0.371355,0.603290
50.520,0.733869,0.200958,0.371501,0.600139
50.530,0.743457,0.201358,0.371403,0.611754
50.540,0.749095,0.205118,0.370757,0.617745
50.550,0.746119,0.205872,0.361971,0.619102
50.560,0.745031,0.205920,0.374999,0.609954
50.569,0.765085,0.206851,0.382820,0.629298
50.579,0.768060,0.203910,0.373848,0.639198
50.589,0.765137,0.205545,0.368022,0.638550
50.599,0.761901,0.207105,0.374592,0.630303
50.609,0.761134,0.203854,0.375159,0.630098
50.619,0.768402,0.207906,0.376007,0.637053
50.629,0.773124,0.219526,0.377896,0.637748
50.639,0.771048,0.219553,0.387236,0.629571
50.649,0.753275,0.215400,0.394255,0.604640
50.659,0.759179,0.227380,0.396043,0.606467
50.670,0.754794,0.232261,0.383766,0.607035
50.680,0.742536,0.233034,0.372293,0.598709
50.690,0.736259,0.232384,0.385342,0.582740
50.700,0.731334,0.232458,0.387419,0.575083
50.710,0.736799,0.230306,0.394440,0.578142
50.720,0.732873,0.233587,0.385949,0.577566
50.730,0.733589,0.231410,0.394796,0.573357
50.740,0.721593,0.225927,0.393063,0.561386
50.750,0.718699,0.222677,0.387309,0.562970
50.760,0.719701,0.228369,0.385680,0.563088
50.770,0.718611,0.229191,0.383201,0.563054
50.780,0.719609,0.229113,0.382569,0.564788
50.790,0.718671,0.227962,0.387047,0.560996
50.800,0.717133,0.226540,0.394944,0.554057
50.810,0.720500,0.226651,0.397851,0.556295
50.820,0.729492,0.226771,0.405323,0.562535
50.830,0.725531,0.226961,0.408270,0.555158
50.840,0.710677,0.226961,0.394050,0.546146
50.850,0.712124,0.224858,0.396355,0.547231
50.860,0.723090,0.224014,0.409873,0.551980
50.870,0.721649,0.226956,0.405534,0.552097
50.880,0.703126,0.224270,0.409998,0.525348
50.890,0.692607,0.227074,0.407919,0.511610
50.900,0.694333,0.224325,0.403280,0.518789
50.910,0.700673,0.228927,0.401991,0.526249
50.920,0.692304,0.228353,0.400651,0.516351
50.930,0.686670,0.225970,0.400453,0.509990
50.940,0.695133,0.226309,0.400637,0.521041
50.950,0.707718,0.228196,0.390496,0.544338
50.960,0.712390,0.231481,0.384788,0.553042
50.970,0.715660,0.232871,0.389826,0.553151
50.980,0.714885,0.230906,0.392093,0.551367
50.991,0.719649,0.230850,0.394046,0.556175
51.000,0.725773,0.235613,0.395255,0.561255
51.010,0.726873,0.239896,0.396207,0.560192
51.020,0.722902,0.233790,0.397894,0.556427
51.030,0.719040,0.233286,0.398428,0.551227
51.040,0.723683,0.235736,0.398278,0.556346
51.050,0.728515,0.237971,0.397875,0.561960
51.060,0.717428,0.238833,0.388050,0.554146
51.070,0.707615,0.236954,0.396642,0.535955
51.080,0.716307,0.238207,0.398295,0.545632
51.090,0.731362,0.238018,0.397932,0.565586
51.100,0.727565,0.239887,0.389712,0.565622
51.110,0.723324,0.239014,0.393531,0.557857
51.120,0.718435,0.233936,0.393082,0.553994
51.130,0.715207,0.221410,0.391891,0.555807
51.140,0.716315,0.236983,0.383256,0.556832
51.150,0.714359,0.236374,0.381340,0.555892
51.160,0.706358,0.226214,0.388903,0.544539
51.170,0.717079,0.230092,0.390011,0.556013
51.180,0.723497,0.238221,0.392527,0.559126
51.190,0.718830,0.238113,0.387151,0.556895
51.200,0.723295,0.237983,0.397070,0.555747
51.210,0.718298,0.238641,0.387110,0.556011
51.220,0.719703,0.235774,0.388861,0.557826
51.230,0.723605,0.243011,0.390788,0.558422
51.240,0.725638,0.242058,0.394963,0.558537
51.250,0.728513,0.241945,0.393273,0.563498
51.260,0.733046,0.237643,0.389424,0.573787
51.270,0.736752,0.237093,0.395706,0.574463
51.280,0.746217,0.237066,0.411162,0.575834
51.290,0.747195,0.248093,0.406134,0.576026
51.300,0.749621,0.247947,0.399901,0.583552
51.310,0.747309,0.250133,0.398600,0.580536
51.320,0.740029,0.249936,0.393014,0.575078
51.330,0.743773,0.249594,0.400013,0.575232
51.340,0.747681,0.250409,0.403992,0.577160
51.350,0.747410,0.250530,0.400823,0.578962
51.360,0.737717,0.252479,0.390857,0.572462
51.370,0.735303,0.248568,0.400312,0.564478
51.380,0.736859,0.249333,0.394906,0.569951
51.390,0.736912,0.245128,0.398275,0.569498
51.400,0.731787,0.246722,0.399210,0.561491
51.410,0.728176,0.239304,0.400273,0.559245
51.420,0.739046,0.242083,0.399762,0.572516
51.430,0.740025,0.242119,0.400601,0.573179
51.440,0.733725,0.244527,0.401071,0.563650
51.450,0.720714,0.239850,0.405137,0.545678
51.460,0.733089,0.238368,0.404044,0.563337
51.470,0.742944,0.238839,0.404833,0.575353
51.480,0.748614,0.241590,0.420341,0.570412
51.490,0.738722,0.242310,0.420616,0.556847
51.500,0.733409,0.235924,0.420848,0.552373
51.510,0.738116,0.238561,0.415248,0.561670
51.520,0.737894,0.239580,0.413934,0.561915
51.530,0.732835,0.238500,0.418090,0.552600
51.540,0.729889,0.235389,0.420764,0.547985
51.550,0.733398,0.233856,0.421946,0.552400
51.560,0.730963,0.231983,0.418298,0.552736
51.570,0.713268,0.232756,0.404563,0.539357
51.580,0.695120,0.230672,0.406796,0.514294
51.590,0.675599,0.227567,0.408404,0.487703
51.600,0.674224,0.225449,0.407744,0.487336
51.610,0.675742,0.227873,0.402535,0.492612
51.620,0.676939,0.229692,0.405468,0.491003
51.630,0.673177,0.231515,0.404315,0.485898
51.640,0.664258,0.221682,0.397101,0.484156
51.650,0.664016,0.221612,0.386482,0.492379
51.660,0.671838,0.223782,0.372764,0.512187
51.670,0.655791,0.211632,0.371560,0.497210
51.680,0.648982,0.205884,0.367185,0.493928
51.690,0.645108,0.206554,0.359240,0.494415
51.700,0.643412,0.207787,0.355396,0.494467
51.710,0.651689,0.205833,0.373334,0.492903
51.720,0.663386,0.211582,0.371764,0.507056
51.730,0.662691,0.200008,0.358480,0.520238
51.740,0.663529,0.204453,0.352986,0.523327
51.750,0.660701,0.211183,0.355183,0.515531
51.760,0.658023,0.210653,0.354568,0.512739
51.770,0.662126,0.209743,0.344056,0.525399
51.780,0.651322,0.208996,0.326710,0.523260
51.790,0.656423,0.201466,0.327274,0.532161
51.800,0.652858,0.202736,0.325561,0.528329
51.810,0.665730,0.206823,0.347036,0.529137
51.820,0.677682,0.207313,0.362323,0.533850
51.830,0.694877,0.209065,0.353175,0.560725
51.840,0.704911,0.219071,0.348921,0.571980
51.850,0.703696,0.229824,0.349109,0.566120
51.860,0.704166,0.227913,0.342578,0.571442
51.870,0.698043,0.230412,0.331974,0.569182
51.880,0.693530,0.231479,0.332869,0.562671
51.890,0.694205,0.231159,0.332162,0.564052
51.900,0.708656,0.231387,0.330959,0.582339
51.910,0.720600,0.231421,0.336222,0.593854
51.920,0.722029,0.238238,0.352095,0.583607
51.930,0.726261,0.238082,0.362247,0.582708
51.940,0.728285,0.240697,0.363217,0.583556
51.950,0.726144,0.246548,0.365632,0.576900
51.960,0.715505,0.247207,0.377339,0.555384
51.970,0.724754,0.254238,0.379086,0.562962
51.980,0.720377,0.253252,0.364406,0.567463
51.991,0.719507,0.253253,0.366440,0.565044
52.000,0.714509,0.252883,0.368050,0.557774
52.010,0.712546,0.247772,0.368907,0.556991
52.020,0.715217,0.246879,0.370896,0.559484
52.030,0.725772,0.249325,0.388980,0.559711
52.040,0.725014,0.251556,0.387647,0.558654
52.050,0.723025,0.260417,0.388436,0.551422
52.060,0.724199,0.260641,0.391196,0.550904
52.070,0.729611,0.260801,0.390356,0.558513
52.080,0.745345,0.267281,0.390009,0.576189
52.090,0.750559,0.269344,0.389320,0.582428
52.100,0.751251,0.269060,0.390338,0.582770
52.110,0.749819,0.266082,0.398812,0.576522
52.120,0.746811,0.260575,0.395370,0.577503
52.130,0.748576,0.259219,0.395636,0.580210
52.140,0.754790,0.261854,0.402318,0.582478
52.150,0.759345,0.266724,0.403847,0.585124
52.160,0.744959,0.268410,0.405513,0.564339
52.170,0.752242,0.268423,0.418767,0.564315
52.180,0.761400,0.267417,0.428153,0.570003
52.190,0.788231,0.274892,0.435184,0.596958
52.200,0.794733,0.279168,0.428413,0.608381
52.210,0.787660,0.280168,0.418484,0.605628
52.220,0.777982,0.274236,0.420785,0.594130
52.230,0.777768,0.273613,0.421286,0.593782
52.240,0.787430,0.273155,0.421269,0.606601
52.250,0.797268,0.278528,0.434860,0.607416
52.260,0.799200,0.277823,0.445346,0.602662
52.270,0.791302,0.283409,0.445176,0.589625
52.280,0.793586,0.283677,0.449157,0.589545
52.290,0.792509,0.283912,0.456190,0.582543
52.300,0.798659,0.281667,0.459081,0.589715
52.310,0.793101,0.277552,0.442444,0.596839
52.320,0.782455,0.277932,0.429126,0.592317
52.330,0.762911,0.278086,0.427719,0.567237
52.340,0.757138,0.267961,0.427756,0.564340
52.350,0.770879,0.260798,0.431638,0.583033
52.360,0.781168,0.269111,0.436639,0.589194
52.368,0.785382,0.267491,0.446332,0.588270
52.380,0.786891,0.270743,0.447295,0.588066
52.388,0.785533,0.270855,0.445499,0.587563
52.399,0.774497,0.271151,0.449192,0.569693
52.409,0.764915,0.269613,0.450220,0.556513
52.419,0.757431,0.262965,0.437866,0.559307
52.429,0.752412,0.263605,0.428592,0.559415
52.439,0.749338,0.257826,0.427437,0.558866
52.449,0.750171,0.250010,0.423517,0.566467
52.459,0.753223,0.249489,0.413000,0.578387
52.469,0.748611,0.249556,0.415506,0.570522
52.479,0.746757,0.247511,0.416136,0.568520
52.489,0.750331,0.251759,0.417579,0.570301
52.499,0.753763,0.252034,0.415028,0.576531
52.509,0.747221,0.250034,0.417870,0.566750
52.519,0.748680,0.248637,0.416423,0.570344
52.529,0.744111,0.249460,0.399230,0.576270
52.539,0.739028,0.247332,0.399071,0.570729
52.549,0.730232,0.234418,0.397259,0.566103
52.559,0.734149,0.234888,0.393330,0.573667
52.569,0.745212,0.234704,0.391473,0.589070
52.579,0.736713,0.234176,0.392483,0.577810
52.589,0.737545,0.231552,0.403585,0.572255
52.599,0.739310,0.237502,0.404215,0.571649
52.609,0.742264,0.241507,0.396735,0.578992
52.619,0.741134,0.241973,0.403557,0.572599
52.629,0.749481,0.241227,0.405196,0.582535
52.639,0.749794,0.239156,0.399178,0.587922
52.649,0.741054,0.232903,0.400003,0.578718
52.659,0.736702,0.227218,0.398804,0.576245
52.669,0.735966,0.227148,0.386891,0.583409
52.679,0.737073,0.227143,0.375978,0.591881
52.689,0.715932,0.217767,0.376272,0.568820
52.699,0.705385,0.212837,0.375601,0.557846
52.709,0.713069,0.228975,0.371484,0.563948
52.719,0.713718,0.229019,0.372801,0.563882
52.729,0.703287,0.227786,0.376158,0.548845
52.739,0.698633,0.228550,0.379247,0.540394
52.749,0.692749,0.215719,0.363344,0.548952
52.759,0.690205,0.225063,0.350615,0.550272
52.769,0.697655,0.220166,0.367778,0.550444
52.779,0.698948,0.222602,0.368607,0.550550
52.789,0.693733,0.221214,0.358693,0.551062
52.799,0.687858,0.222864,0.366108,0.538001
52.809,0.695617,0.222783,0.372038,0.543910
52.819,0.704050,0.222502,0.370742,0.555634
52.829,0.704479,0.226012,0.370095,0.555193
52.839,0.695838,0.225993,0.371573,0.543186
52.849,0.679622,0.226000,0.366828,0.525593
52.859,0.664578,0.214925,0.361636,0.514480
52.869,0.659632,0.219189,0.349768,0.514522
52.879,0.668205,0.213441,0.349566,0.527962
52.889,0.677213,0.219216,0.353085,0.534690
52.899,0.681338,0.216983,0.362258,0.534705
52.909,0.676333,0.219952,0.358944,0.529346
52.919,0.673972,0.221900,0.359473,0.525146
52.929,0.677076,0.220907,0.363786,0.526584
52.939,0.690131,0.221023,0.379372,0.532454
52.949,0.685893,0.221829,0.381741,0.524895
52.959,0.679475,0.229800,0.386202,0.509634
52.969,0.663132,0.220734,0.380309,0.496373
52.979,0.659571,0.221367,0.377804,0.493249
52.990,0.659439,0.219691,0.380022,0.492117
52.999,0.663048,0.220501,0.382059,0.495018
53.009,0.672993,0.226367,0.383826,0.504337
53.019,0.669891,0.226378,0.383018,0.500804
53.029,0.680838,0.230770,0.379889,0.515723
53.039,0.684326,0.233933,0.381219,0.517928
53.049,0.689353,0.236401,0.388946,0.517729
53.059,0.684383,0.240195,0.389929,0.508569
53.069,0.667230,0.245116,0.390334,0.482445
53.079,0.659068,0.238391,0.386324,0.477802
53.089,0.652990,0.238242,0.375120,0.478457
53.099,0.650522,0.232957,0.375393,0.477482
53.109,0.649614,0.229567,0.384752,0.470386
53.119,0.648155,0.235954,0.378147,0.470569
53.129,0.636174,0.235745,0.375795,0.455982
53.139,0.633304,0.233576,0.378132,0.451145
53.149,0.636122,0.233587,0.374432,0.458135
53.159,0.635679,0.234162,0.373518,0.457975
53.169,0.632868,0.233859,0.376155,0.452039
53.179,0.623559,0.234295,0.381492,0.434047
53.189,0.613446,0.232340,0.374030,0.427125
53.199,0.617272,0.238240,0.370637,0.432312
53.209,0.607736,0.224561,0.371682,0.425168
53.219,0.609221,0.224612,0.373021,0.426093
53.229,0.609356,0.225893,0.371757,0.426714
53.239,0.602845,0.228300,0.369831,0.417762
53.249,0.600799,0.229721,0.368164,0.415503
53.259,0.596930,0.220272,0.366718,0.416321
53.269,0.592674,0.224108,0.354452,0.418810
53.279,0.596657,0.235415,0.349061,0.422772
53.289,0.601698,0.236781,0.356145,0.423243
53.299,0.595748,0.234928,0.347197,0.423295
53.309,0.579104,0.234495,0.342313,0.403975
53.319,0.570540,0.234315,0.346959,0.387597
53.329,0.579009,0.231191,0.348231,0.400670
53.339,0.581494,0.231293,0.347017,0.405239
53.349,0.587199,0.235974,0.347767,0.410094
53.359,0.603904,0.243413,0.350047,0.427688
53.369,0.606354,0.239693,0.356876,0.427613
53.379,0.602775,0.239442,0.362397,0.417940
53.389,0.600028,0.240240,0.361438,0.414344
53.399,0.595447,0.248623,0.348028,0.414271
53.409,0.594940,0.244774,0.352373,0.412155
53.419,0.594555,0.241599,0.352456,0.413401
53.429,0.600794,0.240700,0.356446,0.419480
53.439,0.593321,0.241297,0.336630,0.424836
53.449,0.591033,0.243232,0.333923,0.422675
53.459,0.593592,0.239622,0.330924,0.430605
53.469,0.601327,0.244547,0.327366,0.441160
53.479,0.597703,0.242813,0.323636,0.439944
53.489,0.594606,0.241880,0.318402,0.440080
53.499,0.585065,0.239624,0.314691,0.431104
53.509,0.576113,0.244827,0.308452,0.420503
53.519,0.593760,0.247016,0.308426,0.443178
53.529,0.588334,0.240548,0.306856,0.440582
53.539,0.599944,0.239450,0.332770,0.438019
53.549,0.604503,0.235278,0.335280,0.444584
53.559,0.609956,0.227604,0.344693,0.448810
53.569,0.629781,0.216932,0.368599,0.462276
53.579,0.646617,0.217292,0.366795,0.486168
53.589,0.647195,0.223987,0.363538,0.486344
53.599,0.654394,0.225010,0.361501,0.496909
53.610,0.680283,0.227688,0.351733,0.535936
53.619,0.691402,0.228791,0.352904,0.548771
53.629,0.696072,0.227148,0.363446,0.548477
53.639,0.692096,0.227133,0.361812,0.544518
53.649,0.695501,0.229615,0.364968,0.545708
53.660,0.701521,0.236177,0.373305,0.544973
53.669,0.707874,0.239357,0.369849,0.554081
53.679,0.711997,0.242365,0.363600,0.562133
53.689,0.720863,0.250231,0.372028,0.564467
53.699,0.719512,0.249023,0.374999,0.561302
53.709,0.723636,0.250801,0.373038,0.567089
53.719,0.723418,0.252560,0.368163,0.569213
53.729,0.725347,0.253201,0.367823,0.571598
53.739,0.757855,0.255051,0.378065,0.605276
53.749,0.766921,0.258034,0.384154,0.611566
53.759,0.774098,0.256730,0.403942,0.608398
53.770,0.774259,0.255540,0.408191,0.606264
53.779,0.770194,0.248390,0.408238,0.604022
53.789,0.764461,0.243808,0.402422,0.602507
53.799,0.776597,0.243655,0.401344,0.618594
53.809,0.790859,0.247855,0.409795,0.629360
53.819,0.799214,0.257739,0.418394,0.630286
53.829,0.794340,0.260308,0.418457,0.622984
53.839,0.794637,0.261570,0.420644,0.621360
53.849,0.797626,0.265651,0.422234,0.622379
53.859,0.791962,0.262426,0.428441,0.612189
53.869,0.793753,0.259091,0.426336,0.617376
53.879,0.796822,0.257625,0.433384,0.617035
53.889,0.793221,0.259202,0.432334,0.612455
53.899,0.794956,0.253304,0.435724,0.614765
53.909,0.807993,0.252742,0.430884,0.635070
53.919,0.840835,0.264183,0.435917,0.668720
53.929,0.844853,0.271537,0.442714,0.666371
53.939,0.842474,0.270703,0.449346,0.659219
53.949,0.842368,0.267520,0.450806,0.659387
53.960,0.839194,0.270895,0.450564,0.654107
53.969,0.836517,0.269492,0.454495,0.648513
53.979,0.855086,0.273428,0.454702,0.670564
53.990,0.862750,0.273126,0.454967,0.680253
54.000,0.861697,0.273230,0.454441,0.679228
54.010,0.861433,0.266772,0.458022,0.679054
54.020,0.852536,0.265127,0.458717,0.667910
54.029,0.850583,0.263511,0.458703,0.666066
54.039,0.849857,0.271068,0.445780,0.670865
54.049,0.843520,0.271132,0.440221,0.666497
54.060,0.839524,0.274525,0.431645,0.665671
54.069,0.823980,0.274278,0.411680,0.658964
54.080,0.815316,0.280063,0.414518,0.643801
54.090,0.818122,0.273300,0.414514,0.650238
54.099,0.823526,0.281232,0.417253,0.651923
54.109,0.798940,0.276073,0.423020,0.618986
54.120,0.793645,0.274811,0.428710,0.608735
54.129,0.795885,0.275304,0.428923,0.611282
54.139,0.801224,0.275406,0.428311,0.618597
54.150,0.793819,0.272729,0.425445,0.612179
54.160,0.791124,0.270539,0.421096,0.612670
54.170,0.782080,0.270078,0.420799,0.601362
54.180,0.786356,0.264327,0.420654,0.609539
54.189,0.797108,0.263037,0.413386,0.628732
54.200,0.804266,0.268517,0.421564,0.630100
54.210,0.801430,0.270119,0.424050,0.624105
54.220,0.802145,0.269116,0.427302,0.623239
54.230,0.802733,0.271917,0.425796,0.623810
54.240,0.775159,0.269173,0.423302,0.590959
54.250,0.767434,0.267917,0.419031,0.584456
54.260,0.759526,0.267794,0.398164,0.588754
54.270,0.756762,0.268288,0.392622,0.588692
54.280,0.756969,0.268137,0.394664,0.587661
54.290,0.770220,0.268490,0.406687,0.596454
54.300,0.771133,0.271252,0.416801,0.589361
54.310,0.755489,0.270153,0.404634,0.577974
54.320,0.750722,0.260003,0.402144,0.578154
54.330,0.763495,0.256606,0.401638,0.596460
54.340,0.778073,0.260903,0.400031,0.614250
54.350,0.792577,0.274148,0.400240,0.626761
54.360,0.795519,0.272138,0.409007,0.625703
54.370,0.802173,0.271759,0.425948,0.623054
54.380,0.797960,0.274197,0.419587,0.620889
54.390,0.800064,0.272858,0.423346,0.621634
54.400,0.803648,0.273498,0.417880,0.629624
54.410,0.792650,0.272908,0.423051,0.612245
54.420,0.756562,0.262967,0.417382,0.573608
54.430,0.745767,0.257261,0.405126,0.570840
54.440,0.749097,0.261186,0.399843,0.577108
54.450,0.759602,0.260610,0.411103,0.583156
54.460,0.763237,0.263886,0.410376,0.586929
54.470,0.764446,0.260296,0.411903,0.589033
54.480,0.754725,0.254391,0.414552,0.577097
54.490,0.773929,0.263265,0.413748,0.598724
54.500,0.797742,0.271453,0.417047,0.623519
54.510,0.805081,0.271340,0.427169,0.626145
54.520,0.809610,0.271860,0.445469,0.618965
54.530,0.811401,0.279129,0.448173,0.616117
54.540,0.806282,0.272330,0.441567,0.617208
54.550,0.804677,0.274024,0.437723,0.617101
54.560,0.805714,0.272342,0.443440,0.615115
54.570,0.804486,0.272343,0.443161,0.613706
54.580,0.802074,0.265286,0.442073,0.614425
54.590,0.801210,0.269303,0.446290,0.608473
54.600,0.798867,0.260703,0.456064,0.601854
54.610,0.797871,0.262288,0.451464,0.603311
54.620,0.793950,0.259877,0.447015,0.602493
54.630,0.790081,0.261802,0.442952,0.599567
54.640,0.786979,0.261798,0.443293,0.595222
54.650,0.807960,0.266912,0.444318,0.619790
54.660,0.813072,0.265185,0.445062,0.626644
54.670,0.824849,0.263358,0.462748,0.629986
54.680,0.818907,0.263245,0.473029,0.614454
54.690,0.809602,0.255351,0.472500,0.605800
54.700,0.801038,0.250426,0.462694,0.604038
54.710,0.802758,0.249739,0.465388,0.604537
54.720,0.800775,0.248452,0.462515,0.604642
54.730,0.815539,0.243655,0.463795,0.625004
54.740,0.818195,0.248605,0.460064,0.629269
54.750,0.837362,0.252337,0.479394,0.638501
54.760,0.836227,0.253690,0.484107,0.632896
54.770,0.848150,0.253323,0.483630,0.649067
54.780,0.848804,0.256426,0.482053,0.649876
54.790,0.840295,0.255621,0.471872,0.646600
54.800,0.825924,0.251765,0.464471,0.634847
54.810,0.847618,0.254179,0.464463,0.661909
54.820,0.851505,0.257072,0.458203,0.670093
54.830,0.853129,0.256788,0.470132,0.663977
54.840,0.836235,0.250346,0.475932,0.640394
54.850,0.831846,0.231957,0.474010,0.643023
54.860,0.823177,0.232383,0.460827,0.641293
54.870,0.814382,0.233868,0.439456,0.644517
54.880,0.807043,0.230837,0.435135,0.639288
54.890,0.821873,0.228386,0.430533,0.661783
54.900,0.822240,0.233706,0.435480,0.657128
54.910,0.814268,0.233792,0.429785,0.650891
54.920,0.834817,0.236755,0.434193,0.672564
54.930,0.839207,0.242482,0.436928,0.674214
54.940,0.854692,0.237876,0.434392,0.696575
54.950,0.840015,0.237436,0.423939,0.685218
54.960,0.844283,0.233371,0.423079,0.692355
54.970,0.840868,0.234444,0.419753,0.689857
54.980,0.847223,0.234443,0.414772,0.700563
54.990,0.822872,0.223191,0.413399,0.675578
55.000,0.811925,0.216242,0.409510,0.666906
55.010,0.807241,0.218972,0.395444,0.668814
55.020,0.808271,0.220320,0.377401,0.679949
55.030,0.795470,0.211005,0.374604,0.669269
55.040,0.821061,0.208972,0.381681,0.696269
55.050,0.825689,0.205982,0.388867,0.698653
55.060,0.821486,0.205402,0.380996,0.698206
55.070,0.817850,0.206046,0.381950,0.693208
55.080,0.820327,0.208364,0.381452,0.695712
55.090,0.812965,0.200449,0.380773,0.689742
55.100,0.799016,0.200312,0.363160,0.682947
55.110,0.798645,0.201050,0.362408,0.682696
55.120,0.789917,0.199927,0.361562,0.673254
55.130,0.785869,0.197511,0.357340,0.671481
55.140,0.772284,0.198608,0.358830,0.654385
55.150,0.773112,0.192647,0.356760,0.658264
55.160,0.757632,0.190910,0.355828,0.641050
55.170,0.745790,0.190677,0.329365,0.641376
55.180,0.730786,0.196738,0.316616,0.628568
55.190,0.737632,0.200634,0.330133,0.628378
55.200,0.733776,0.201210,0.334793,0.621172
55.210,0.742304,0.203971,0.325831,0.635015
55.220,0.740321,0.210977,0.325684,0.630471
55.230,0.739422,0.210565,0.324531,0.630148
55.240,0.708741,0.202877,0.320958,0.598448
55.250,0.716527,0.206491,0.286858,0.623285
55.260,0.710584,0.205132,0.286552,0.617040
55.270,0.714282,0.220065,0.288076,0.615453
55.280,0.708547,0.223289,0.296381,0.603605
55.290,0.719057,0.223287,0.311222,0.608545
55.300,0.743509,0.226916,0.316441,0.633388
55.310,0.737276,0.226667,0.316364,0.626188
55.320,0.710305,0.222506,0.314395,0.596809
55.330,0.724968,0.222666,0.299660,0.621452
55.340,0.745715,0.222915,0.293288,0.648369
55.350,0.745509,0.222878,0.293044,0.648255
55.360,0.783086,0.230480,0.292789,0.688750
55.370,0.808293,0.229663,0.303571,0.713048
55.380,0.849285,0.229701,0.303083,0.759383
55.390,0.849488,0.234089,0.304154,0.757841
55.400,0.907218,0.239611,0.300660,0.821727
55.410,0.922950,0.241777,0.300042,0.838663
55.420,0.915327,0.239385,0.291925,0.833845
55.430,0.952400,0.237239,0.304177,0.870781
55.440,0.951906,0.237598,0.306382,0.869369
55.450,0.971128,0.237543,0.304742,0.890952
55.460,0.976727,0.238449,0.309161,0.895297
55.470,1.012262,0.241213,0.311708,0.932378
55.480,1.006430,0.240844,0.316239,0.924602
55.490,1.001054,0.240418,0.336237,0.911731
55.500,1.016423,0.239550,0.347684,0.924580
55.510,1.008325,0.237592,0.346577,0.916599
55.520,1.002196,0.238592,0.350618,0.908040
55.530,0.990808,0.235024,0.351563,0.896029
55.540,0.972826,0.235521,0.354389,0.874831
55.550,0.957003,0.236420,0.346145,0.860316
55.560,0.959736,0.240251,0.346919,0.861986
55.570,0.948769,0.240169,0.358584,0.844926
55.580,0.941017,0.236605,0.358522,0.837253
55.590,0.920590,0.236741,0.354462,0.815964
55.600,0.922246,0.243700,0.354337,0.815839
55.610,0.925002,0.244228,0.360398,0.816147
55.620,0.917925,0.246048,0.378441,0.799268
55.630,0.894854,0.242487,0.381856,0.772108
55.640,0.874072,0.239480,0.379911,0.749879
55.650,0.848076,0.241028,0.380088,0.718798
55.660,0.848693,0.248159,0.376892,0.718783
55.670,0.831735,0.250484,0.376753,0.697924
55.680,0.813733,0.242823,0.377332,0.678837
55.690,0.797147,0.241889,0.365380,0.665905
55.700,0.779277,0.243223,0.372328,0.639912
55.710,0.779607,0.242446,0.372660,0.640415
55.720,0.762690,0.230716,0.379553,0.620005
55.730,0.767182,0.230277,0.390034,0.619205
55.740,0.750394,0.230244,0.390316,0.598107
55.750,0.754722,0.230089,0.386801,0.605846
55.760,0.761268,0.239028,0.401847,0.600761
55.770,0.737025,0.218002,0.405785,0.575344
55.780,0.728971,0.215975,0.397965,0.571294
55.790,0.723499,0.215446,0.393450,0.567654
55.800,0.719673,0.218103,0.386142,0.566794
55.810,0.696285,0.209150,0.386104,0.540364
55.820,0.695837,0.212153,0.385277,0.539205
55.830,0.705370,0.211415,0.385125,0.551841
55.840,0.706207,0.212611,0.385081,0.552483
55.850,0.705828,0.210257,0.387438,0.551251
55.860,0.704243,0.207519,0.394119,0.545495
55.870,0.719195,0.209278,0.387964,0.568267
55.880,0.708723,0.206116,0.388046,0.556080
55.890,0.716101,0.206153,0.387833,0.565585
55.900,0.696009,0.199432,0.385415,0.544160
55.910,0.711868,0.197091,0.388173,0.563234
55.920,0.710577,0.197374,0.386280,0.562806
55.930,0.700377,0.196115,0.375911,0.557457
55.940,0.713699,0.206192,0.374965,0.571185
55.950,0.715853,0.206449,0.378197,0.571657
55.960,0.717685,0.206528,0.378168,0.573940
55.970,0.691421,0.207997,0.377206,0.540847
55.980,0.694524,0.209281,0.374829,0.545956
55.990,0.702645,0.209101,0.355612,0.568795
56.000,0.689606,0.209258,0.345589,0.558870
56.010,0.689397,0.205882,0.345443,0.559955
56.020,0.687953,0.206433,0.336238,0.563568
56.030,0.697061,0.207812,0.345794,0.568449
56.040,0.687379,0.205688,0.336919,0.562732
56.050,0.686502,0.201788,0.338870,0.561902
56.060,0.671853,0.202562,0.338354,0.543941
56.070,0.667066,0.201982,0.332359,0.541958
56.080,0.664457,0.198619,0.332076,0.540166
56.090,0.665351,0.199233,0.333501,0.540162
56.100,0.622055,0.197672,0.334726,0.485630
56.110,0.620155,0.196752,0.328721,0.487672
56.120,0.606551,0.197143,0.308921,0.483329
56.130,0.601695,0.199082,0.304611,0.479183
56.140,0.590027,0.199636,0.304197,0.464480
56.150,0.593364,0.197710,0.303683,0.469860
56.160,0.590628,0.191525,0.305185,0.467998
56.170,0.589393,0.197083,0.307894,0.462324
56.180,0.587546,0.193322,0.306708,0.462350
56.190,0.584551,0.192252,0.303942,0.460824
56.200,0.565428,0.189032,0.291003,0.446422
56.210,0.578772,0.189710,0.291549,0.462587
56.220,0.575238,0.189567,0.284381,0.462700
56.230,0.569525,0.190654,0.270412,0.463559
56.240,0.538192,0.191552,0.270319,0.424130
56.250,0.538961,0.187736,0.268024,0.428249
56.260,0.527304,0.178367,0.248424,0.429557
56.270,0.514373,0.176050,0.248259,0.414673
56.280,0.517509,0.175764,0.246423,0.419760
56.290,0.530474,0.174591,0.244631,0.437123
56.300,0.523927,0.171426,0.244525,0.430489
56.310,0.510983,0.171036,0.243635,0.415322
56.320,0.519018,0.173480,0.259756,0.414501
56.330,0.524128,0.175507,0.270362,0.413295
56.340,0.513932,0.173490,0.272391,0.399788
56.350,0.517127,0.178591,0.270505,0.402930
56.360,0.519412,0.186010,0.269359,0.403280
56.370,0.527195,0.184241,0.270167,0.413520
56.380,0.528029,0.184770,0.275184,0.411033
56.390,0.527212,0.185841,0.275291,0.409427
56.400,0.526955,0.187318,0.275626,0.408196
56.410,0.522529,0.187215,0.273935,0.403667
56.420,0.522330,0.185887,0.277871,0.401326
56.430,0.519589,0.185154,0.278894,0.397377
56.440,0.516060,0.174237,0.279217,0.397489
56.450,0.531671,0.178092,0.276478,0.417754
56.460,0.530352,0.177718,0.274830,0.417322
56.470,0.530885,0.183024,0.271107,0.418142
56.480,0.531769,0.183230,0.271620,0.418841
56.490,0.518881,0.188143,0.273579,0.398741
56.500,0.520592,0.188556,0.274389,0.400217
56.510,0.520837,0.188479,0.274417,0.400552
56.520,0.518589,0.186405,0.273888,0.398965
56.530,0.516223,0.190038,0.265071,0.400137
56.540,0.520898,0.190237,0.264156,0.406652
56.550,0.527419,0.193519,0.265291,0.412724
56.560,0.528092,0.190266,0.271610,0.410985
56.570,0.538082,0.192896,0.266106,0.426040
56.580,0.533058,0.192703,0.265180,0.420352
56.590,0.530588,0.192226,0.265556,0.417197
56.600,0.534029,0.188024,0.265328,0.423598
56.610,0.532975,0.185499,0.265042,0.423563
56.620,0.533032,0.184592,0.264561,0.424330
56.630,0.537758,0.183887,0.273365,0.425019
56.640,0.543971,0.185374,0.273480,0.432146
56.650,0.543370,0.182308,0.273721,0.432541
56.660,0.543101,0.182306,0.272969,0.432679
56.670,0.543779,0.177030,0.276355,0.433571
56.680,0.552647,0.189999,0.285135,0.433609
56.690,0.553543,0.189840,0.286943,0.433629
56.700,0.547522,0.188931,0.286209,0.426814
56.710,0.538999,0.190031,0.289251,0.413210
56.720,0.542472,0.190856,0.290484,0.416496
56.730,0.542101,0.190291,0.289262,0.417121
56.740,0.542671,0.192098,0.289475,0.416887
56.750,0.544673,0.192848,0.288920,0.419528
56.760,0.546966,0.194733,0.293354,0.418562
56.770,0.546757,0.199897,0.284142,0.422194
56.780,0.539457,0.196764,0.285839,0.413030
56.790,0.528890,0.199545,0.283736,0.399250
56.800,0.533713,0.198813,0.282504,0.406836
56.810,0.536222,0.197212,0.283207,0.410409
56.820,0.536675,0.197062,0.271839,0.418677
56.830,0.545763,0.207185,0.259542,0.433093
56.840,0.541911,0.207212,0.258216,0.429016
56.850,0.544917,0.200355,0.255608,0.437558
56.860,0.538717,0.197440,0.244596,0.437501
56.870,0.540597,0.196559,0.262619,0.429699
56.880,0.541216,0.193990,0.257707,0.434592
56.890,0.542405,0.189431,0.259602,0.436951
56.900,0.554547,0.194918,0.264628,0.446655
56.910,0.553750,0.192344,0.263936,0.447191
56.920,0.555267,0.192887,0.265891,0.447680
56.930,0.556840,0.191145,0.264600,0.451133
56.940,0.549652,0.191390,0.268727,0.439628
56.950,0.537231,0.193504,0.271034,0.421560
56.960,0.540289,0.194459,0.277178,0.421035
56.970,0.535341,0.183600,0.277310,0.419500
56.980,0.540395,0.182622,0.274995,0.427848
56.990,0.539913,0.180249,0.276881,0.427028
57.000,0.543837,0.192927,0.276104,0.426971
57.010,0.545276,0.194446,0.278334,0.426670
57.020,0.544484,0.194492,0.278271,0.425676
57.030,0.539438,0.191532,0.276675,0.421616
57.040,0.540774,0.195543,0.277542,0.420915
57.050,0.540393,0.191143,0.275337,0.423886
57.060,0.537954,0.191543,0.268779,0.424811
57.070,0.536215,0.192533,0.263597,0.425410
57.080,0.542382,0.195438,0.269731,0.428051
57.090,0.543747,0.195468,0.270469,0.429301
57.100,0.538493,0.196618,0.274741,0.419325
57.110,0.540725,0.197276,0.274331,0.422147
57.120,0.541945,0.197575,0.273108,0.424359
57.130,0.540062,0.204307,0.265085,0.423857
57.140,0.537725,0.204469,0.267919,0.418998
57.150,0.539492,0.207988,0.267911,0.419543
57.160,0.539247,0.208211,0.265323,0.420761
57.170,0.536312,0.218485,0.261950,0.413856
57.180,0.528831,0.208139,0.254312,0.414326
57.190,0.528503,0.208753,0.253097,0.414342
57.200,0.533408,0.216726,0.255730,0.414917
57.210,0.536735,0.217808,0.252639,0.420497
57.220,0.536379,0.217327,0.254832,0.418964
57.230,0.534652,0.216367,0.252943,0.418399
57.240,0.536006,0.214990,0.250819,0.422104
57.250,0.532643,0.214393,0.254374,0.415978
57.260,0.530081,0.214456,0.249272,0.415761
57.270,0.539301,0.210374,0.274430,0.413856
57.280,0.538196,0.210402,0.270106,0.415245
57.290,0.538832,0.208377,0.270476,0.416847
57.300,0.535231,0.212752,0.271660,0.409158
57.310,0.536976,0.212734,0.272000,0.411222
57.320,0.531480,0.209201,0.271918,0.405914
57.330,0.516599,0.198158,0.281265,0.385353
57.340,0.515255,0.199013,0.283793,0.381238
57.350,0.510385,0.199902,0.282990,0.374764
57.360,0.504605,0.198375,0.281628,0.368726
57.370,0.499030,0.198909,0.268471,0.370662
57.380,0.500553,0.199560,0.293580,0.352902
57.390,0.501737,0.199550,0.291041,0.356672
57.400,0.492946,0.193221,0.292908,0.346218
57.410,0.492461,0.197047,0.293544,0.342815
57.420,0.499913,0.196988,0.290794,0.355735
57.430,0.504115,0.196889,0.300878,0.353325
57.440,0.506710,0.196753,0.305134,0.353464
57.450,0.508544,0.193354,0.309964,0.353770
57.460,0.512091,0.191511,0.315006,0.355433
57.470,0.511405,0.192727,0.315600,0.353253
57.480,0.512171,0.191943,0.317419,0.353160
57.490,0.513828,0.195263,0.313537,0.357192
57.500,0.525877,0.192828,0.327408,0.363549
57.510,0.524309,0.189412,0.326502,0.363896
57.520,0.526267,0.195021,0.326667,0.363610
57.530,0.525457,0.195872,0.323797,0.364548
57.540,0.525443,0.192363,0.324840,0.365467
57.550,0.527141,0.192860,0.331425,0.361718
57.560,0.534721,0.191622,0.330741,0.373922
57.570,0.531548,0.193542,0.330198,0.368855
57.580,0.526058,0.193715,0.327285,0.363450
57.590,0.539383,0.196868,0.337700,0.371666
57.600,0.539862,0.195349,0.335160,0.375442
57.610,0.536329,0.193937,0.332601,0.373381
57.620,0.533015,0.194525,0.330098,0.370541
57.630,0.532558,0.190543,0.329424,0.372547
57.640,0.527810,0.189618,0.329605,0.366046
57.650,0.538481,0.186516,0.355680,0.358700
57.660,0.559353,0.187734,0.357894,0.386709
57.670,0.562942,0.179459,0.357190,0.396375
57.680,0.586561,0.180657,0.367827,0.419666
57.690,0.606107,0.182584,0.370153,0.443864
57.700,0.601794,0.172796,0.368036,0.443674
57.710,0.626404,0.179800,0.373173,0.469889
57.720,0.624916,0.182538,0.374720,0.465601
57.730,0.624846,0.184621,0.372889,0.466156
57.740,0.630780,0.184407,0.378616,0.469604
57.750,0.639165,0.186431,0.375971,0.482100
57.760,0.644636,0.186282,0.378957,0.487080
57.770,0.644458,0.191994,0.364198,0.495806
57.780,0.648512,0.191530,0.364254,0.501202
57.790,0.649582,0.191392,0.366922,0.500694
57.800,0.689878,0.184497,0.365560,0.555211
57.810,0.688064,0.187835,0.364675,0.552415
57.820,0.688459,0.189769,0.362009,0.553997
57.830,0.683609,0.185421,0.354909,0.554058
57.840,0.681399,0.185546,0.351897,0.553214
57.850,0.689801,0.184194,0.352391,0.563666
57.860,0.687464,0.184516,0.352663,0.560525
57.870,0.684912,0.189406,0.351157,0.556704
57.880,0.673479,0.188473,0.330621,0.555645
57.890,0.682518,0.187795,0.332217,0.565858
57.900,0.681171,0.187987,0.325229,0.568226
57.910,0.683458,0.186829,0.328529,0.569455
57.920,0.675533,0.187292,0.327600,0.560308
57.930,0.671002,0.186404,0.319274,0.559965
57.940,0.684873,0.185309,0.309130,0.582366
57.950,0.725013,0.266984,0.314284,0.596313
57.960,0.733454,0.290907,0.304251,0.600632
57.970,0.737100,0.296106,0.309564,0.599840
57.980,0.756664,0.295684,0.308487,0.624457
57.990,0.756156,0.290467,0.308958,0.626056
58.000,0.760815,0.291017,0.295854,0.637667
58.010,0.771633,0.311087,0.296951,0.640674
58.020,0.802623,0.324990,0.301417,0.669129
58.030,0.803111,0.325654,0.301431,0.669384
58.040,0.796575,0.333337,0.301435,0.657689
58.050,0.795426,0.335129,0.296125,0.657800
58.060,0.796206,0.334021,0.298184,0.658377
58.070,0.802225,0.339540,0.298650,0.662635
58.080,0.831501,0.342958,0.299344,0.695820
58.090,0.872120,0.344763,0.287061,0.747882
58.100,0.890730,0.352635,0.325457,0.750418
58.110,0.899347,0.358700,0.324782,0.758073
58.120,0.909495,0.360030,0.329651,0.767392
58.130,0.901496,0.360802,0.329700,0.757506
58.140,0.898304,0.361292,0.330013,0.753332
58.150,0.893002,0.360552,0.316986,0.752977
58.160,0.891258,0.360272,0.320344,0.749616
58.170,0.925420,0.360957,0.320382,0.789600
58.180,0.902595,0.358330,0.320645,0.763848
58.190,0.910494,0.361502,0.324403,0.770116
58.200,0.909017,0.366419,0.323595,0.766378
58.210,0.951975,0.363312,0.318691,0.820180
58.220,0.952004,0.362718,0.319838,0.820031
58.230,0.964138,0.367962,0.322910,0.830599
58.240,0.962223,0.368715,0.316747,0.830417
58.250,0.959982,0.368122,0.316079,0.828339
58.260,0.963315,0.369395,0.311343,0.833420
58.270,0.961980,0.369444,0.315090,0.830443
58.280,0.984669,0.378321,0.330333,0.846951
58.290,0.985439,0.378962,0.331914,0.846942
58.300,0.966958,0.378878,0.335263,0.824050
58.310,0.964996,0.377574,0.336972,0.821647
58.320,0.977496,0.385068,0.339721,0.831752
58.330,0.981204,0.385944,0.339484,0.835798
58.340,0.985027,0.387331,0.341282,0.838915
58.350,0.989642,0.386244,0.343342,0.843992
58.360,0.993750,0.387653,0.345635,0.847231
58.370,0.993664,0.389826,0.346369,0.845833
58.380,0.993905,0.389278,0.346562,0.846289
58.390,0.989928,0.389516,0.359062,0.836247
58.400,0.999685,0.389762,0.360351,0.847114
58.410,0.997710,0.392116,0.354609,0.846122
58.420,0.993495,0.391835,0.353445,0.841769
58.430,0.993838,0.391886,0.353650,0.842064
58.440,0.981589,0.391548,0.353441,0.827820
58.450,0.951126,0.340426,0.346852,0.817585
58.460,0.951457,0.317830,0.347707,0.826652
58.470,0.945630,0.310975,0.337932,0.826627
58.480,0.921916,0.308816,0.336668,0.800760
58.490,0.933517,0.307949,0.351204,0.808256
58.500,0.922919,0.300750,0.352837,0.798019
58.510,0.915799,0.290742,0.353280,0.793316
58.520,0.889963,0.276298,0.355075,0.767865
58.530,0.881855,0.274079,0.353599,0.759945
58.540,0.874319,0.263651,0.352733,0.755315
58.550,0.871851,0.257937,0.357028,0.752411
58.560,0.866613,0.263514,0.350264,0.747591
58.570,0.849338,0.254125,0.357146,0.727490
58.580,0.829034,0.246272,0.357016,0.706532
58.590,0.750547,0.248230,0.357938,0.611214
58.600,0.740378,0.239971,0.336879,0.614073
58.610,0.721921,0.232435,0.333917,0.596358
58.620,0.717705,0.231241,0.333011,0.592226
58.630,0.712086,0.230959,0.330948,0.586684
58.640,0.711079,0.229942,0.330996,0.585834
58.650,0.706594,0.230220,0.324818,0.583753
58.660,0.708573,0.230318,0.323402,0.586890
58.670,0.697484,0.244386,0.322801,0.567942
58.680,0.682864,0.248453,0.299681,0.561040
58.690,0.683085,0.250189,0.305750,0.557250
58.700,0.671275,0.245981,0.304828,0.545145
58.710,0.621810,0.245957,0.304076,0.483415
58.720,0.619874,0.252976,0.292527,0.484433
58.730,0.613903,0.266924,0.292690,0.469001
58.740,0.636979,0.284466,0.294944,0.487678
58.750,0.658093,0.297837,0.296670,0.506326
58.760,0.669743,0.307189,0.301211,0.513286
58.770,0.686088,0.316528,0.295872,0.531965
58.780,0.703636,0.313194,0.295766,0.556359
58.790,0.762213,0.315757,0.334615,0.607700
58.800,0.825223,0.318796,0.423282,0.632610
58.810,0.864025,0.336284,0.435518,0.666165
58.820,0.908496,0.357924,0.451785,0.702243
58.830,0.978339,0.389597,0.464242,0.768011
58.840,1.035593,0.424002,0.463721,0.823188
58.850,1.074884,0.455016,0.460393,0.858122
58.860,1.098623,0.478686,0.459051,0.875845
58.870,1.130561,0.484041,0.458633,0.912978
58.880,1.159448,0.489876,0.458269,0.945690
58.890,1.183864,0.494787,0.446326,0.978525
58.900,1.225319,0.511255,0.445661,1.020496
58.910,1.268953,0.533551,0.454190,1.057958
58.920,1.304106,0.552519,0.459437,1.088271
58.930,1.322931,0.564999,0.461494,1.103606
58.940,1.347568,0.570117,0.459510,1.131263
58.950,1.360745,0.581191,0.459664,1.141294
58.960,1.375228,0.582715,0.462402,1.156667
58.970,1.395724,0.581337,0.469495,1.178841
58.980,1.406915,0.577447,0.469608,1.193916
58.991,1.390887,0.581882,0.454805,1.178614
59.000,1.387499,0.590858,0.468868,1.164561
59.010,1.387044,0.602602,0.469480,1.157735
59.020,1.405210,0.610222,0.469945,1.175328
59.030,1.418529,0.614908,0.466591,1.190128
59.040,1.427167,0.617913,0.468146,1.198261
59.050,1.413403,0.624995,0.451571,1.184555
59.060,1.400366,0.627853,0.451285,1.167548
59.070,1.414169,0.637721,0.445845,1.180851
59.080,1.414762,0.652309,0.460017,1.168088
59.090,1.403712,0.687721,0.453090,1.136731
59.100,1.387176,0.698381,0.456527,1.108198
59.110,1.361656,0.708293,0.458259,1.068843
59.120,1.364629,0.733179,0.457766,1.055988
59.130,2.286006,1.150564,0.485847,1.914675
59.140,5.370906,4.827892,1.270051,1.981177
59.150,12.957487,10.099055,1.424880,7.992202
59.160,13.039405,10.146019,1.754309,8.000424
59.170,13.478914,10.406458,2.588879,8.166056
59.180,13.529414,10.453032,2.588281,8.190236
59.190,13.599489,10.457250,2.915396,8.191000
59.200,13.603319,10.460877,2.915875,8.192558
59.210,13.625030,10.458904,3.026070,8.191195
59.220,13.648938,10.484101,3.030328,8.197210
59.230,13.665812,10.491604,3.032162,8.215026
59.240,13.680143,10.493596,3.043223,8.232226
59.250,13.697070,10.498635,3.043661,8.253758
59.260,13.711895,10.503693,3.045283,8.271320
59.270,13.729192,10.507137,3.048575,8.294395
59.280,13.741183,10.509948,3.049292,8.310410
59.290,13.749235,10.511143,3.050401,8.321801
59.300,13.754204,10.513427,3.043068,8.329809
59.310,13.762871,10.518451,3.043491,8.337625
59.320,13.775323,10.523940,3.043683,8.351181
59.330,13.786338,10.527377,3.045224,8.364452
59.340,13.795378,10.528470,3.048847,8.376653
59.350,13.802933,10.530294,3.048965,8.386755
59.360,13.809961,10.532464,3.048491,8.395769
59.370,13.814280,10.532491,3.048328,8.402897
59.380,13.815269,10.531376,3.048247,8.405948
59.390,13.816525,10.530205,3.048264,8.409473
59.400,13.817470,10.529859,3.048321,8.411439
59.410,13.818649,10.530520,3.047789,8.412740
59.420,13.819869,10.530822,3.047954,8.414306
59.430,13.821113,10.530106,3.047983,8.417234
59.440,13.824758,10.528991,3.054022,8.422424
59.450,13.826066,10.528679,3.056331,8.424123
59.460,13.825401,10.526851,3.055295,8.425693
59.470,14.520376,10.794104,3.334856,9.121808
59.480,14.750151,10.949753,3.590190,9.207626
59.490,15.324330,11.027594,3.724833,9.967591
59.500,15.362695,11.025928,3.860007,9.977056
59.510,15.443171,11.034611,4.012515,10.031382
59.520,15.492963,11.036727,4.185703,10.035061
59.530,15.522605,11.037938,4.301901,10.030396
59.540,15.543860,11.040169,4.340690,10.044136
59.550,15.561320,11.040785,4.399828,10.044763
59.560,15.567691,11.045970,4.411089,10.043995
59.570,15.585083,11.052317,4.428019,10.056527
59.580,15.586969,11.052554,4.432246,10.057328
59.590,15.591679,11.052606,4.439339,10.061442
59.600,15.599595,11.052981,4.441815,10.072203
59.610,15.608973,11.052795,4.445009,10.085518
59.620,15.616971,11.053810,4.454146,10.092753
59.630,15.530754,11.038667,4.448061,9.978321
59.640,14.803053,10.061760,4.304682,9.968003
59.650,8.575042,4.289001,4.258792,6.082640
59.660,8.668151,4.279102,4.154614,6.290096
59.670,8.446153,3.790653,3.817732,6.511019
59.680,8.758208,3.789581,4.405382,6.552701
59.690,8.683380,3.799255,4.231456,6.562129
59.700,8.757955,3.808729,4.299847,6.611102
59.710,8.722392,3.798670,4.234408,6.612111
59.720,8.747907,3.685534,4.343583,6.638975
59.730,8.722711,3.631235,4.354596,6.628522
59.740,8.729763,3.645663,4.371517,6.618741
59.750,8.821373,3.673308,4.405577,6.701814
59.760,8.820985,3.684975,4.411680,6.690875
59.770,8.826541,3.690271,4.417000,6.691774
59.780,8.916774,3.700180,4.595618,6.685643
59.790,9.104194,3.702277,4.945325,6.687544
59.800,9.102963,3.714840,4.947278,6.677450
59.810,9.097898,3.711692,4.956371,6.665544
59.820,9.092907,3.715040,4.976978,6.641471
59.830,9.079477,3.718599,4.981055,6.618007
59.840,9.059246,3.720708,4.978310,6.591108
59.850,9.043622,3.725080,4.978561,6.566948
59.860,9.030305,3.729549,4.982353,6.543167
59.870,9.015951,3.731722,4.984257,6.520645
59.880,9.007383,3.736757,4.984733,6.505538
59.890,8.997414,3.741432,4.985445,6.488489
59.900,8.990767,3.750683,4.985866,6.473593
59.910,8.982776,3.754649,4.986921,6.459373
59.920,8.974626,3.757785,4.988717,6.444816
59.930,8.963405,3.762948,4.988990,6.425950
59.940,8.943679,3.766178,4.985703,6.399068
59.950,8.932711,3.767048,4.986346,6.382712
59.960,8.924713,3.776117,4.986573,6.365967
59.970,7.813185,2.853820,4.800382,5.464239
59.980,7.327731,2.000184,4.593819,5.347123
59.991,6.069887,1.649021,4.457918,3.775078
60.000,5.936045,1.648386,4.294676,3.751695
60.010,5.729200,1.510549,4.192855,3.600270
60.020,5.591509,1.420752,4.053928,3.579400
60.030,5.481049,1.423014,3.898192,3.580646
60.040,5.394411,1.423672,3.826752,3.525451
60.050,5.359057,1.431217,3.784578,3.513983
60.060,5.348658,1.422125,3.779819,3.506946
60.070,5.280912,1.411713,3.742215,3.448322
60.080,5.270621,1.413603,3.740384,3.433759
60.090,5.253109,1.410941,3.738909,3.409540
60.100,5.211551,1.411652,3.727321,3.357764
60.110,5.169150,1.408140,3.726860,3.293594
60.120,5.136692,1.408570,3.724253,3.245223
60.130,5.112352,1.413413,3.721115,3.208070
60.140,5.092667,1.414319,3.721181,3.176125
60.150,5.063541,1.414284,3.721186,3.129222
60.160,4.786717,1.148158,3.699871,2.811646
60.170,4.302507,1.118120,3.601421,2.071508
60.180,3.537318,1.017516,2.761279,1.962809
60.190,3.468588,0.845700,2.736555,1.956313
60.200,3.202702,0.623572,2.654908,1.679262
60.210,3.185185,0.557444,2.648927,1.678644
60.220,2.862476,0.557338,2.411063,1.438721
60.230,2.821017,0.548899,2.402786,1.372395
60.240,2.760195,0.549075,2.376395,1.292261
60.250,2.551970,0.528409,2.335093,0.883559
60.260,2.544512,0.531645,2.329297,0.875370
60.270,2.476714,0.526491,2.300310,0.751994
60.280,1.950752,0.528406,1.820266,0.461360
60.290,0.768293,0.322411,0.629370,0.300364
60.300,0.761356,0.320558,0.625291,0.293117
60.310,0.615547,0.280899,0.465803,0.288135
60.320,0.477671,0.283197,0.286186,0.257033
60.330,0.437110,0.280419,0.248851,0.224729
60.340,0.406184,0.255999,0.237034,0.208003
60.350,0.404103,0.251695,0.237584,0.208572
60.360,0.392285,0.250699,0.218152,0.208440
60.370,0.373839,0.228100,0.209532,0.209338
60.380,0.369750,0.220452,0.210448,0.209351
60.390,0.365674,0.213084,0.212543,0.207697
60.400,0.362230,0.213142,0.215015,0.198871
60.410,0.363190,0.211636,0.219550,0.197269
60.420,0.341747,0.208191,0.210354,0.170875
60.430,0.339281,0.207440,0.210800,0.166263
60.440,0.331251,0.194587,0.210036,0.166578
60.450,0.314988,0.176360,0.204141,0.162607
60.460,0.316106,0.171904,0.208972,0.163409
60.470,0.311203,0.170371,0.206244,0.159011
60.480,0.312160,0.171400,0.206328,0.159671
60.490,0.295959,0.162117,0.196230,0.151009
60.500,0.289693,0.147938,0.197752,0.151430
60.510,0.286114,0.144527,0.195935,0.150275
60.520,0.284434,0.144537,0.193179,0.150643
60.530,0.280404,0.143142,0.190234,0.148147
60.540,0.275264,0.140020,0.190224,0.141349
60.550,0.268615,0.135263,0.185779,0.139082
60.560,0.269010,0.136190,0.185636,0.139133
60.570,0.266006,0.135083,0.183615,0.137104
60.580,0.264650,0.135313,0.183574,0.134279
60.590,0.257605,0.135661,0.177771,0.127882
60.600,0.249057,0.134308,0.177335,0.111997
60.610,0.244433,0.125525,0.177342,0.111985
60.620,0.238145,0.124417,0.171423,0.108848
60.630,0.237250,0.122263,0.171679,0.108930
60.640,0.232595,0.114465,0.171204,0.108109
60.651,0.232025,0.113678,0.171222,0.107685
60.660,0.227049,0.113512,0.167667,0.102732
60.670,0.225641,0.113509,0.166751,0.101112
60.680,0.221417,0.110804,0.166319,0.095321
60.690,0.219931,0.110518,0.165008,0.094487
60.700,0.215338,0.109706,0.161174,0.091422
60.710,0.210515,0.107543,0.159711,0.085110
60.720,0.206642,0.104100,0.156844,0.085228
60.730,0.202923,0.102064,0.154837,0.082379
60.740,0.201124,0.098670,0.154799,0.082173
60.750,0.197730,0.094836,0.154238,0.079460
60.760,0.196742,0.093274,0.154066,0.079190
60.770,0.194979,0.090641,0.153673,0.078649
60.780,0.194891,0.090567,0.153610,0.078638
60.790,0.192539,0.087895,0.153556,0.075937
60.800,0.188324,0.081776,0.153210,0.072836
60.810,0.186100,0.076577,0.153076,0.073054
60.820,0.182490,0.075847,0.149625,0.071847
60.830,0.167810,0.069167,0.138237,0.065319
60.840,0.163245,0.061817,0.136643,0.064469
60.850,0.160223,0.061736,0.134140,0.062180
60.860,0.150317,0.059817,0.124488,0.059327
60.870,0.141882,0.055961,0.118366,0.054666
60.880,0.139796,0.053281,0.117954,0.052830
60.890,0.137273,0.051415,0.116005,0.052375
60.900,0.130163,0.050762,0.107862,0.052263
60.910,0.119775,0.048050,0.097638,0.050041
60.920,0.111001,0.047786,0.087277,0.049197
60.930,0.110328,0.047500,0.087224,0.048041
60.940,0.107763,0.045272,0.086351,0.045900
60.950,0.103490,0.044607,0.081365,0.045828
60.960,0.094298,0.044327,0.071693,0.042277
60.970,0.089361,0.043285,0.066533,0.041050
60.980,0.083637,0.037513,0.064771,0.037318
60.991,0.081133,0.035436,0.064318,0.034497
61.000,0.070132,0.033563,0.052441,0.032281
61.010,0.062637,0.029714,0.045020,0.031838
61.020,0.056291,0.029312,0.040043,0.026573
61.030,0.053254,0.029312,0.040034,0.019340
61.040,0.053449,0.029261,0.040306,0.019392
61.051,0.049111,0.023134,0.040219,0.016097
61.060,0.047110,0.020807,0.040053,0.013495
61.070,0.046984,0.020812,0.040008,0.013182
61.080,0.045652,0.018327,0.039696,0.013133
61.090,0.045111,0.017470,0.039483,0.013074
61.100,0.045171,0.017697,0.039414,0.013182
61.110,0.045113,0.017169,0.039533,0.013326
61.120,0.036979,0.014094,0.031838,0.012456
61.130,0.033375,0.014013,0.027836,0.011947
61.140,0.032823,0.012722,0.027893,0.011725
61.150,0.032649,0.012269,0.027892,0.011724
61.160,0.032586,0.012364,0.027750,0.011784
61.170,0.029515,0.011738,0.024294,0.011966
61.180,0.029541,0.011663,0.024346,0.011996
61.190,0.028554,0.011737,0.023235,0.011734
61.200,0.028101,0.011737,0.022768,0.011556
61.210,0.027023,0.011526,0.021643,0.011356
61.220,0.025565,0.011407,0.020274,0.010604
61.230,0.025510,0.011632,0.020181,0.010401
61.240,0.025208,0.011552,0.019832,0.010425
61.250,0.024516,0.011532,0.018959,0.010420
61.260,0.023970,0.011520,0.018224,0.010474
61.270,0.023649,0.011118,0.018080,0.010428
61.280,0.022888,0.011039,0.017092,0.010480
61.290,0.022427,0.011067,0.016529,0.010359
61.300,0.022423,0.010944,0.016595,0.010374
61.310,0.021029,0.010944,0.015966,0.008216
61.320,0.020438,0.010786,0.015441,0.007934
61.330,0.020315,0.010778,0.015311,0.007883
61.340,0.020115,0.011015,0.014865,0.007894
61.350,0.019824,0.011097,0.014449,0.007816
61.360,0.019533,0.011120,0.014169,0.007558
61.368,0.019148,0.011049,0.013808,0.007342
61.380,0.019137,0.011076,0.013788,0.007309
61.388,0.019100,0.011035,0.013779,0.007294
61.399,0.019218,0.011146,0.013780,0.007430
61.409,0.019245,0.011196,0.013872,0.007251
61.419,0.019176,0.010936,0.013979,0.007259
61.429,0.018934,0.010740,0.013853,0.007158
61.439,0.019129,0.011055,0.013851,0.007200
61.449,0.019566,0.011524,0.014058,0.007241
61.459,0.019487,0.011787,0.013767,0.007160
61.469,0.019010,0.011766,0.013087,0.007190
61.479,0.019507,0.011950,0.013629,0.007211
61.489,0.019228,0.011917,0.013285,0.007155
61.499,0.019531,0.012280,0.013388,0.007172
61.509,0.019343,0.012085,0.013357,0.007051
61.519,0.019327,0.012230,0.013228,0.006999
61.529,0.019525,0.012495,0.013248,0.007041
61.539,0.019483,0.012498,0.013202,0.007007
61.549,0.019445,0.012346,0.013274,0.007036
61.559,0.019397,0.012553,0.013000,0.007046
61.569,0.018922,0.012534,0.012316,0.007020
61.579,0.019082,0.012393,0.012705,0.007008
61.589,0.018651,0.011785,0.012670,0.006961
61.599,0.018272,0.011274,0.012735,0.006678
61.609,0.017737,0.011157,0.012422,0.005983
61.619,0.017889,0.011412,0.012384,0.006034
61.629,0.017879,0.011425,0.012368,0.006014
61.639,0.017994,0.011672,0.012213,0.006197
61.649,0.018423,0.012089,0.012373,0.006337
61.659,0.018403,0.012074,0.012413,0.006232
61.669,0.018348,0.012144,0.012417,0.005916
61.679,0.018163,0.012152,0.012228,0.005719
61.689,0.018072,0.012080,0.012178,0.005689
61.699,0.018097,0.012098,0.012194,0.005695
61.709,0.018051,0.012185,0.012029,0.005715
61.719,0.018046,0.012109,0.012116,0.005675
61.729,0.017865,0.011920,0.012065,0.005614
61.739,0.018006,0.011946,0.012103,0.005918
61.749,0.018073,0.011992,0.012104,0.006027
61.759,0.018108,0.011992,0.012095,0.006148
61.769,0.018105,0.011986,0.012088,0.006163
61.779,0.018068,0.011986,0.012082,0.006067
61.789,0.018160,0.012129,0.012101,0.006020
61.799,0.018012,0.012003,0.012032,0.005967
61.809,0.018038,0.012015,0.012010,0.006064
61.819,0.018130,0.012028,0.012050,0.006231
61.829,0.018462,0.011876,0.012660,0.006288
61.839,0.018264,0.011654,0.012585,0.006275
61.849,0.018159,0.011608,0.012424,0.006376
61.859,0.018141,0.011658,0.012406,0.006267
61.869,0.018098,0.011608,0.012411,0.006224
61.879,0.018229,0.011799,0.012409,0.006253
61.889,0.018211,0.011797,0.012455,0.006111
61.899,0.018168,0.011691,0.012598,0.005888
61.909,0.018088,0.011662,0.012507,0.005896
61.919,0.017949,0.011555,0.012401,0.005906
61.929,0.017919,0.011536,0.012372,0.005910
61.939,0.017642,0.011109,0.012376,0.005889
61.949,0.017198,0.010697,0.012121,0.005868
61.959,0.016941,0.010417,0.012013,0.005847
61.969,0.016968,0.010415,0.012029,0.005897
61.979,0.016452,0.010199,0.011469,0.005924
61.990,0.016411,0.010224,0.011378,0.005942
61.999,0.016027,0.009802,0.011199,0.005949
62.009,0.016035,0.009887,0.011129,0.005961
62.019,0.015811,0.009475,0.011106,0.006071
62.029,0.015556,0.009125,0.011111,0.005939
62.039,0.014899,0.009136,0.010239,0.005802
62.049,0.014617,0.009043,0.009904,0.005814
62.059,0.014007,0.008330,0.009639,0.005823
62.069,0.013961,0.008293,0.009519,0.005959
62.079,0.013588,0.008287,0.008953,0.005983
62.089,0.013603,0.008249,0.009009,0.005984
62.099,0.013507,0.008154,0.008958,0.005975
62.109,0.013398,0.008216,0.008752,0.005951
62.119,0.013122,0.007924,0.008615,0.005932
62.129,0.013108,0.007924,0.008604,0.005917
62.139,0.012658,0.007563,0.008401,0.005695
62.149,0.011926,0.006736,0.008179,0.005472
62.159,0.011923,0.006651,0.008084,0.005707
62.169,0.011715,0.006297,0.008063,0.005708
62.179,0.011783,0.006374,0.008108,0.005698
62.189,0.011960,0.006510,0.008279,0.005667
62.199,0.011917,0.006462,0.008264,0.005653
62.209,0.011775,0.006260,0.008207,0.005666
62.219,0.011739,0.006238,0.008176,0.005660
62.229,0.011723,0.006273,0.008128,0.005657
62.239,0.011599,0.006188,0.008206,0.005377
62.249,0.011499,0.006111,0.008148,0.005337
62.259,0.011369,0.006169,0.008091,0.005073
62.269,0.011476,0.006178,0.008228,0.005082
62.279,0.011587,0.006224,0.008349,0.005081
62.289,0.011491,0.005949,0.008413,0.005087
62.299,0.011354,0.006044,0.008148,0.005097
62.309,0.011220,0.005945,0.008145,0.004919
62.319,0.011023,0.006019,0.007924,0.004741
62.329,0.010330,0.006047,0.006954,0.004668
62.339,0.010365,0.006062,0.006962,0.004713
62.349,0.010307,0.006085,0.006939,0.004589
62.359,0.010309,0.006080,0.006863,0.004714
62.369,0.010322,0.006089,0.006824,0.004786
62.379,0.009921,0.005632,0.006684,0.004694
62.389,0.009923,0.005714,0.006614,0.004697
62.399,0.009781,0.005675,0.006433,0.004698
62.409,0.009828,0.005701,0.006483,0.004695
62.419,0.009708,0.005672,0.006331,0.004688
62.429,0.009750,0.005702,0.006377,0.004677
62.439,0.009728,0.005642,0.006505,0.004526
62.449,0.009648,0.005486,0.006509,0.004541
62.459,0.009686,0.005694,0.006360,0.004576
62.469,0.009761,0.005689,0.006394,0.004694
62.479,0.009741,0.005735,0.006383,0.004611
62.489,0.009814,0.005678,0.006382,0.004831
62.499,0.009825,0.005627,0.006471,0.004794
62.509,0.009682,0.005506,0.006361,0.004792
62.519,0.009666,0.005511,0.006464,0.004611
62.529,0.009628,0.005541,0.006378,0.004616
62.539,0.009479,0.005531,0.006176,0.004595
62.549,0.009733,0.005711,0.006374,0.004634
62.559,0.009762,0.005778,0.006379,0.004606
62.569,0.009711,0.005778,0.006357,0.004528
62.579,0.009678,0.005729,0.006378,0.004491
62.589,0.009607,0.005757,0.006242,0.004495
62.599,0.009582,0.005754,0.006199,0.004503
62.610,0.009508,0.005669,0.006207,0.004442
62.619,0.009592,0.005606,0.006316,0.004547
62.630,0.009599,0.005623,0.006391,0.004435
62.639,0.009524,0.005600,0.006186,0.004591
62.649,0.009523,0.005672,0.006112,0.004599
62.659,0.009306,0.005624,0.006112,0.004196
62.669,0.009388,0.005611,0.006124,0.004376
62.679,0.009309,0.005489,0.006062,0.004447
62.689,0.009130,0.005302,0.005943,0.004465
62.699,0.009187,0.005365,0.005982,0.004453
62.709,0.009260,0.005501,0.005996,0.004419
62.719,0.009235,0.005559,0.005764,0.004600
62.729,0.009177,0.005476,0.005715,0.004644
62.739,0.009067,0.005462,0.005453,0.004758
62.749,0.009094,0.005439,0.005503,0.004778
62.759,0.009022,0.005344,0.005490,0.004765
62.769,0.008969,0.005345,0.005396,0.004771
62.779,0.008951,0.005356,0.005224,0.004913
62.789,0.008855,0.005306,0.005104,0.004921
62.799,0.008882,0.005183,0.005199,0.004999
62.809,0.008979,0.005343,0.005190,0.005014
62.819,0.008938,0.005253,0.005212,0.005013
62.829,0.008902,0.005235,0.005216,0.004964
62.839,0.009049,0.005225,0.005420,0.005021
62.849,0.008962,0.005050,0.005441,0.005020
62.859,0.008873,0.005064,0.005443,0.004845
62.869,0.009056,0.005171,0.005700,0.004774
62.879,0.009130,0.005168,0.005801,0.004796
62.889,0.009441,0.005270,0.005899,0.005154
62.899,0.009380,0.005267,0.005803,0.005155
62.909,0.009475,0.005381,0.005876,0.005128
62.919,0.009605,0.005433,0.006039,0.005125
62.929,0.009571,0.005418,0.006008,0.005115
62.939,0.009632,0.005427,0.005910,0.005328
62.949,0.009602,0.005381,0.005905,0.005327
62.959,0.009485,0.005164,0.005921,0.005315
62.969,0.009404,0.005236,0.005863,0.005162
62.979,0.009604,0.005557,0.005885,0.005170
62.990,0.009532,0.005555,0.005935,0.004978
62.999,0.009470,0.005542,0.005848,0.004977
63.009,0.009476,0.005564,0.005855,0.004957
63.019,0.009539,0.005565,0.005903,0.005016
63.029,0.009652,0.005570,0.005940,0.005181
63.039,0.009686,0.005596,0.005950,0.005206
63.049,0.009409,0.005376,0.005742,0.005164
63.059,0.009374,0.005321,0.005732,0.005167
63.069,0.009423,0.005327,0.005738,0.005243
63.079,0.009553,0.005386,0.005848,0.005297
63.089,0.009502,0.005372,0.005765,0.005309
63.099,0.009528,0.005374,0.005796,0.005321
63.109,0.009614,0.005502,0.005804,0.005338
63.119,0.009571,0.005628,0.005662,0.005279
63.129,0.009595,0.005582,0.005626,0.005408
63.139,0.009516,0.005588,0.005587,0.005302
63.149,0.009444,0.005488,0.005579,0.005287
63.159,0.009598,0.005462,0.005629,0.005532
63.169,0.009788,0.005602,0.005922,0.005417
63.179,0.009924,0.005668,0.006116,0.005383
63.189,0.009943,0.005697,0.006131,0.005369
63.199,0.009934,0.005640,0.006142,0.005398
63.209,0.010122,0.005507,0.006558,0.005397
63.219,0.009976,0.005467,0.006535,0.005190
63.229,0.010038,0.005467,0.006681,0.005122
63.239,0.009948,0.005473,0.006678,0.004940
63.249,0.010009,0.005474,0.006799,0.004898
63.259,0.009982,0.005438,0.006771,0.004922
63.269,0.009952,0.005464,0.006707,0.004920
63.279,0.009827,0.005431,0.006712,0.004694
63.289,0.009839,0.005526,0.006651,0.004695
63.299,0.009700,0.005613,0.006490,0.004523
63.309,0.009562,0.005404,0.006475,0.004505
63.319,0.009751,0.005500,0.006585,0.004635
63.330,0.009839,0.005482,0.006627,0.004777
63.339,0.009748,0.005482,0.006615,0.004605
63.349,0.009812,0.005459,0.006645,0.004723
63.359,0.009674,0.005329,0.006546,0.004726
63.369,0.009651,0.005253,0.006533,0.004782
63.380,0.009858,0.005418,0.006545,0.004999
63.389,0.009469,0.004994,0.006494,0.004749
63.399,0.009707,0.005101,0.006755,0.004752
63.409,0.009821,0.005022,0.006713,0.005115
63.419,0.009813,0.004913,0.006787,0.005108
63.430,0.009822,0.004911,0.006813,0.005092
63.439,0.009704,0.004996,0.006610,0.005051
63.449,0.009733,0.005125,0.006623,0.004961
63.459,0.009914,0.005251,0.006618,0.005186
63.469,0.009933,0.005195,0.006632,0.005263
63.479,0.009799,0.004922,0.006633,0.005272
63.490,0.009810,0.004940,0.006624,0.005287
63.500,0.009995,0.004938,0.006625,0.005624
63.509,0.009966,0.004865,0.006628,0.005632
63.520,0.010203,0.005069,0.006668,0.005826
63.529,0.010214,0.005075,0.006740,0.005758
63.540,0.010236,0.005129,0.006745,0.005743
63.549,0.010302,0.005252,0.006740,0.005756
63.560,0.010315,0.005240,0.006751,0.005777
63.570,0.010360,0.005262,0.006791,0.005790
63.579,0.010297,0.005340,0.006686,0.005727
63.590,0.010337,0.005341,0.006760,0.005711
63.599,0.010381,0.005359,0.006779,0.005753
63.610,0.010290,0.005181,0.006791,0.005738
63.620,0.010363,0.004961,0.007029,0.005777
63.630,0.010347,0.004959,0.007124,0.005632
63.639,0.010543,0.005075,0.007300,0.005666
63.650,0.010670,0.005215,0.007302,0.005774
63.660,0.010529,0.005319,0.007221,0.005516
63.669,0.010465,0.005245,0.007112,0.005606
63.680,0.010750,0.005268,0.007455,0.005676
63.690,0.010647,0.005276,0.007298,0.005678
63.699,0.010701,0.005463,0.007251,0.005665
63.709,0.010461,0.005440,0.006911,0.005663
63.719,0.010494,0.005431,0.006948,0.005689
63.730,0.010443,0.005424,0.006885,0.005677
63.740,0.010396,0.005458,0.006799,0.005661
63.750,0.010324,0.005489,0.006664,0.005661
63.760,0.010361,0.005458,0.006705,0.005709
63.770,0.010355,0.005466,0.006621,0.005788
63.780,0.010321,0.005459,0.006583,0.005777
63.790,0.010464,0.005519,0.006531,0.006032
63.800,0.010369,0.005437,0.006519,0.005954
63.810,0.010446,0.005456,0.006614,0.005968
63.820,0.010372,0.005388,0.006504,0.006021
63.830,0.010494,0.005332,0.006471,0.006310
63.840,0.010493,0.005441,0.006379,0.006310
63.850,0.010487,0.005440,0.006383,0.006296
63.860,0.010546,0.005396,0.006487,0.006326
63.870,0.010447,0.005397,0.006431,0.006217
63.880,0.010360,0.005281,0.006451,0.006150
63.890,0.010394,0.005387,0.006363,0.006207
63.900,0.010283,0.005508,0.006088,0.006193
63.910,0.010269,0.005608,0.006087,0.006078
63.920,0.010210,0.005629,0.005974,0.006072
63.930,0.010265,0.005688,0.005943,0.006140
63.940,0.010136,0.005506,0.005954,0.006080
63.950,0.010123,0.005429,0.005950,0.006131
63.960,0.010160,0.005349,0.006014,0.006199
63.970,0.010214,0.005377,0.006067,0.006214
63.980,0.010362,0.005471,0.006223,0.006221
63.990,0.010377,0.005501,0.006222,0.006221
64.000,0.010216,0.005471,0.006259,0.005937
64.010,0.010178,0.005572,0.006130,0.005913
64.020,0.009938,0.005493,0.006036,0.005670
64.030,0.009796,0.005523,0.005827,0.005613
64.040,0.009949,0.005584,0.006005,0.005633
64.050,0.009860,0.005438,0.006005,0.005621
64.060,0.009837,0.005436,0.005960,0.005630
64.070,0.009847,0.005434,0.006079,0.005520
64.080,0.009911,0.005399,0.006057,0.005691
64.090,0.010002,0.005478,0.006103,0.005725
64.100,0.010009,0.005523,0.006141,0.005654
64.110,0.010190,0.005788,0.006146,0.005705
64.120,0.010033,0.005788,0.005925,0.005662
64.130,0.009970,0.005848,0.005754,0.005666
64.140,0.009802,0.005826,0.005480,0.005666
64.150,0.009960,0.006035,0.005658,0.005548
64.160,0.009956,0.005973,0.005689,0.005576
64.170,0.009878,0.005973,0.005581,0.005545
64.180,0.009716,0.006327,0.005011,0.005409
64.190,0.009864,0.006323,0.005250,0.005454
64.200,0.009870,0.006246,0.005381,0.005427
64.210,0.009946,0.006249,0.005460,0.005484
64.220,0.010022,0.006329,0.005535,0.005454
64.230,0.010022,0.006336,0.005453,0.005528
64.240,0.010026,0.006350,0.005487,0.005486
64.250,0.010039,0.006318,0.005587,0.005445
64.260,0.010001,0.006378,0.005512,0.005382
64.270,0.009981,0.006334,0.005514,0.005394
64.280,0.010140,0.006575,0.005519,0.005398
64.290,0.009863,0.006451,0.005514,0.005027
64.300,0.009989,0.006467,0.005753,0.004986
64.310,0.009811,0.006440,0.005521,0.004931
64.320,0.009707,0.006412,0.005560,0.004712
64.330,0.009588,0.006403,0.005643,0.004369
64.340,0.009668,0.006367,0.005723,0.004492
64.350,0.009793,0.006433,0.005701,0.004691
64.360,0.009719,0.006404,0.005629,0.004666
64.370,0.009803,0.006415,0.005670,0.004775
64.380,0.009823,0.006357,0.005791,0.004746
64.390,0.009841,0.006298,0.005880,0.004754
64.400,0.009745,0.006105,0.005929,0.004748
64.410,0.009615,0.005990,0.005931,0.004625
64.420,0.010027,0.006507,0.005983,0.004733
64.430,0.009985,0.006487,0.005993,0.004657
64.440,0.010123,0.006566,0.005990,0.004846
64.450,0.010129,0.006564,0.006060,0.004773
64.460,0.009956,0.006512,0.005972,0.004589
64.470,0.009919,0.006476,0.005990,0.004536
64.480,0.009813,0.006367,0.005854,0.004635
64.490,0.009848,0.006354,0.005865,0.004712
64.500,0.009827,0.006315,0.005843,0.004749
64.510,0.009814,0.006161,0.005980,0.004752
64.520,0.009756,0.006142,0.005938,0.004711
64.530,0.009752,0.006131,0.005938,0.004716
64.540,0.009647,0.006076,0.005764,0.004787
64.550,0.009726,0.006090,0.005784,0.004905
64.560,0.009708,0.006090,0.005770,0.004885
64.570,0.009628,0.006132,0.005585,0.004890
64.580,0.009519,0.006079,0.005583,0.004742
64.590,0.009537,0.006172,0.005543,0.004704
64.600,0.009682,0.006220,0.005623,0.004841
64.610,0.009519,0.006011,0.005612,0.004795
64.620,0.010045,0.006585,0.005626,0.005088
64.630,0.010028,0.006566,0.005623,0.005082
64.640,0.010090,0.006611,0.005707,0.005054
64.650,0.009730,0.006146,0.005571,0.005087
64.660,0.009695,0.006151,0.005542,0.005044
64.670,0.009671,0.006120,0.005549,0.005027
64.680,0.009457,0.005797,0.005542,0.005010
64.690,0.009296,0.005797,0.005315,0.004956
64.700,0.009312,0.005912,0.005238,0.004932
64.710,0.009398,0.006082,0.005201,0.004927
64.720,0.009325,0.006068,0.005072,0.004942
64.730,0.009335,0.006125,0.005083,0.004878
64.740,0.009350,0.006077,0.005166,0.004879
64.750,0.009237,0.006080,0.004955,0.004878
64.760,0.009169,0.006035,0.004863,0.004899
64.770,0.009157,0.006039,0.004903,0.004830
64.780,0.009182,0.005951,0.004994,0.004895
64.790,0.009178,0.005977,0.004952,0.004898
64.800,0.009215,0.006001,0.004861,0.005029
64.810,0.009293,0.006134,0.004859,0.005012
64.820,0.009424,0.006158,0.004810,0.005267
64.830,0.009486,0.006243,0.004710,0.005369
64.840,0.009458,0.006347,0.004626,0.005269
64.850,0.009435,0.006388,0.004637,0.005168
64.860,0.009630,0.006621,0.004711,0.005167
64.870,0.009585,0.006604,0.004674,0.005138
64.880,0.009654,0.006763,0.004605,0.005124
64.890,0.009634,0.006729,0.004692,0.005052
64.900,0.009803,0.006746,0.004878,0.005177
64.910,0.009896,0.006769,0.004886,0.005315
64.920,0.009468,0.006268,0.004794,0.005233
64.930,0.009724,0.006565,0.004833,0.005301
64.940,0.009771,0.006483,0.005190,0.005147
64.950,0.009785,0.006478,0.005207,0.005164
64.960,0.009890,0.006494,0.005393,0.005152
64.970,0.009995,0.006628,0.005340,0.005239
64.980,0.010077,0.006723,0.005399,0.005214
64.990,0.010391,0.007232,0.005398,0.005152
65.000,0.010525,0.007389,0.005404,0.005194
65.010,0.010550,0.007393,0.005278,0.005365
65.020,0.010709,0.007414,0.005404,0.005524
65.030,0.010710,0.007419,0.005412,0.005510
65.040,0.010629,0.007420,0.005356,0.005406
65.050,0.010566,0.007423,0.005311,0.005323
65.060,0.010643,0.007448,0.005312,0.005440
65.070,0.010956,0.007619,0.005310,0.005813
65.080,0.010934,0.007618,0.005305,0.005777
65.090,0.010922,0.007535,0.005413,0.005764
65.100,0.010792,0.007453,0.005386,0.005649
65.110,0.010817,0.007388,0.005530,0.005643
65.120,0.010347,0.006933,0.005536,0.005325
65.130,0.010673,0.006922,0.006139,0.005320
65.140,0.010585,0.006787,0.006144,0.005313
65.150,0.010669,0.006815,0.006130,0.005458
65.160,0.010665,0.006810,0.006135,0.005452
65.170,0.010687,0.006836,0.006154,0.005441
65.180,0.010762,0.006838,0.006249,0.005479
65.190,0.010911,0.006882,0.006239,0.005723
65.200,0.010957,0.006800,0.006182,0.005968
65.210,0.010942,0.006754,0.006201,0.005971
65.220,0.010908,0.006704,0.006215,0.005951
65.230,0.011019,0.006881,0.006203,0.005966
65.240,0.011056,0.006886,0.006205,0.006026
65.250,0.011096,0.006938,0.006207,0.006038
65.260,0.011148,0.006978,0.006286,0.006005
65.270,0.011174,0.006998,0.006314,0.006001
65.280,0.011099,0.006925,0.006298,0.005965
65.290,0.011433,0.007048,0.006589,0.006136
65.300,0.011452,0.007015,0.006498,0.006301
65.310,0.011386,0.006904,0.006487,0.006316
65.320,0.011319,0.006878,0.006527,0.006181
65.330,0.011254,0.006859,0.006517,0.006093
65.340,0.011234,0.006838,0.006510,0.006089
65.350,0.011150,0.006775,0.006494,0.006021
65.360,0.011086,0.006495,0.006571,0.006128
65.370,0.011076,0.006507,0.006598,0.006067
65.380,0.011019,0.006317,0.006536,0.006228
65.390,0.010974,0.006420,0.006383,0.006202
65.400,0.011058,0.006687,0.006216,0.006239
65.410,0.010992,0.006664,0.006223,0.006139
65.420,0.011104,0.006860,0.006221,0.006127
65.430,0.011006,0.006558,0.006260,0.006239
65.440,0.010865,0.006561,0.005969,0.006274
65.450,0.011079,0.006549,0.006248,0.006389
65.460,0.010996,0.006550,0.006109,0.006379
65.470,0.010975,0.006555,0.006105,0.006343
65.480,0.010966,0.006625,0.006082,0.006274
65.490,0.010732,0.006071,0.006086,0.006424
65.500,0.010676,0.005878,0.006070,0.006526
65.510,0.010561,0.005896,0.005988,0.006397
65.520,0.010455,0.005891,0.005911,0.006297
65.530,0.010456,0.005895,0.005895,0.006311
65.540,0.010575,0.005968,0.005933,0.006404
65.550,0.010612,0.005929,0.006037,0.006404
65.560,0.010551,0.005916,0.006049,0.006303
65.570,0.010298,0.005679,0.006194,0.005953
65.580,0.010318,0.005684,0.006193,0.005982
65.590,0.010384,0.005659,0.006097,0.006215
65.600,0.010392,0.005730,0.006058,0.006202
65.610,0.010468,0.005787,0.006081,0.006254
65.620,0.010487,0.005807,0.006071,0.006277
65.630,0.010269,0.005987,0.005495,0.006278
65.640,0.010312,0.006036,0.005548,0.006254
65.651,0.010265,0.005999,0.005578,0.006185
65.660,0.010284,0.005993,0.005616,0.006189
65.670,0.010253,0.005948,0.005603,0.006192
65.680,0.010257,0.006012,0.005578,0.006161
65.690,0.010141,0.005959,0.005630,0.005969
65.700,0.010450,0.006000,0.006274,0.005816
65.710,0.010394,0.005937,0.006273,0.005782
65.720,0.010486,0.006138,0.006230,0.005785
65.730,0.010491,0.006024,0.006242,0.005900
65.740,0.010495,0.006021,0.006165,0.005990
65.750,0.010511,0.006085,0.006149,0.005971
65.760,0.010515,0.006129,0.006129,0.005952
65.770,0.010495,0.006109,0.006072,0.005995
65.780,0.010504,0.006200,0.005991,0.006001
65.790,0.010326,0.006144,0.005914,0.005823
65.800,0.010437,0.006558,0.005963,0.005509
65.810,0.010418,0.006558,0.005956,0.005482
65.820,0.010441,0.006572,0.005938,0.005527
65.830,0.010713,0.006577,0.006328,0.005609
65.840,0.010771,0.006560,0.006353,0.005712
65.850,0.010863,0.006585,0.006417,0.005785
65.860,0.010780,0.006589,0.006349,0.005699
65.870,0.010758,0.006579,0.006322,0.005698
65.880,0.010685,0.006586,0.006326,0.005547
65.890,0.010652,0.006472,0.006322,0.005622
65.900,0.010602,0.006204,0.006590,0.005522
65.910,0.010618,0.006207,0.006629,0.005501
65.920,0.010473,0.005971,0.006630,0.005483
65.930,0.010304,0.005999,0.006533,0.005244
65.940,0.010305,0.006025,0.006511,0.005243
65.950,0.010099,0.006011,0.006193,0.005245
65.960,0.010062,0.006004,0.006173,0.005206
65.970,0.009956,0.005844,0.006212,0.005135
65.980,0.009917,0.005681,0.006315,0.005118
65.990,0.009807,0.005655,0.006326,0.004918
66.000,0.009653,0.005589,0.006326,0.004683
66.010,0.009666,0.005560,0.006315,0.004757
66.020,0.009893,0.005963,0.006319,0.004730
66.030,0.009939,0.005956,0.006439,0.004675
66.040,0.009907,0.005903,0.006425,0.004692
66.050,0.009953,0.005897,0.006505,0.004688
66.060,0.010003,0.005932,0.006502,0.004753
66.070,0.010043,0.005992,0.006506,0.004758
66.080,0.010051,0.006008,0.006517,0.004738
66.090,0.010030,0.006017,0.006677,0.004450
66.100,0.010053,0.005905,0.006773,0.004507
66.110,0.010228,0.005844,0.007019,0.004604
66.120,0.010193,0.005749,0.007019,0.004647
66.130,0.010262,0.005629,0.007196,0.004674
66.140,0.010339,0.005816,0.007156,0.004676
66.150,0.010358,0.005886,0.007152,0.004636
66.160,0.010363,0.005945,0.007107,0.004640
66.170,0.010399,0.005963,0.007105,0.004701
66.180,0.010368,0.005904,0.007065,0.004767
66.190,0.010294,0.005906,0.007010,0.004686
66.200,0.009953,0.005861,0.006512,0.004723
66.210,0.009947,0.005883,0.006476,0.004732
66.220,0.009914,0.005741,0.006533,0.004758
66.230,0.009832,0.005701,0.006532,0.004636
66.240,0.009840,0.005760,0.006648,0.004410
66.250,0.009837,0.005752,0.006652,0.004408
66.260,0.009923,0.006005,0.006555,0.004407
66.270,0.009991,0.006078,0.006537,0.004489
66.280,0.009868,0.005906,0.006482,0.004524
66.290,0.009777,0.005892,0.006283,0.004626
66.300,0.009514,0.005537,0.006196,0.004634
66.310,0.009573,0.005631,0.006196,0.004640
66.320,0.009831,0.006123,0.006182,0.004576
66.330,0.009618,0.006083,0.005805,0.004671
66.338,0.009479,0.005989,0.005772,0.004548
66.348,0.009612,0.006024,0.005976,0.004515
66.358,0.009655,0.006056,0.005989,0.004547
66.368,0.009660,0.006051,0.005988,0.004567
66.378,0.009712,0.006035,0.006108,0.004539
66.388,0.009726,0.006094,0.006110,0.004486
66.398,0.009521,0.006105,0.005713,0.004553
66.408,0.009505,0.006194,0.005589,0.004555
66.418,0.009772,0.006533,0.005646,0.004576
66.428,0.009924,0.006683,0.005741,0.004568
66.440,0.010105,0.006727,0.005923,0.004665
66.450,0.010218,0.006763,0.006212,0.004481
66.460,0.010281,0.006781,0.006287,0.004494
66.470,0.010484,0.007136,0.006245,0.004470
66.480,0.010473,0.007152,0.006103,0.004613
66.490,0.010505,0.007165,0.006115,0.004649
66.500,0.010610,0.007144,0.006203,0.004802
66.510,0.010657,0.007146,0.006227,0.004872
66.520,0.010458,0.006742,0.006347,0.004863
66.530,0.010402,0.006729,0.006274,0.004854
66.540,0.010406,0.006729,0.006375,0.004729
66.550,0.010379,0.006783,0.006272,0.004730
66.560,0.010376,0.006783,0.006271,0.004724
66.570,0.010459,0.006764,0.006385,0.004783
66.580,0.010583,0.006763,0.006391,0.005042
66.590,0.010521,0.006723,0.006305,0.005075
66.600,0.010491,0.006727,0.006288,0.005025
66.610,0.010223,0.006734,0.005955,0.004868
66.620,0.010182,0.006694,0.005951,0.004841
66.630,0.009994,0.006618,0.005724,0.004829
66.640,0.009935,0.006546,0.005668,0.004870
66.650,0.009869,0.006512,0.005608,0.004852
66.660,0.009907,0.006531,0.005659,0.004845
66.670,0.009900,0.006552,0.005695,0.004760
66.680,0.009967,0.006504,0.005932,0.004675
66.690,0.009990,0.006528,0.005945,0.004675
66.700,0.009967,0.006597,0.005959,0.004507
66.710,0.010036,0.006604,0.005957,0.004650
66.720,0.009991,0.006602,0.005893,0.004636
66.730,0.010025,0.006672,0.005878,0.004628
66.740,0.009900,0.006573,0.005768,0.004641
66.750,0.009856,0.006420,0.005773,0.004754
66.760,0.009767,0.006184,0.005850,0.004788
66.770,0.009743,0.006098,0.005966,0.004708
66.780,0.009844,0.006087,0.005965,0.004927
66.790,0.009943,0.006035,0.006154,0.004957
66.800,0.010045,0.006024,0.006288,0.005007
66.810,0.009983,0.005896,0.006306,0.005014
66.820,0.009691,0.005248,0.006426,0.005009
66.830,0.009916,0.005674,0.006562,0.004803
66.840,0.009877,0.005603,0.006564,0.004802
66.850,0.009787,0.005553,0.006457,0.004821
66.860,0.009736,0.005534,0.006449,0.004752
66.870,0.009868,0.005746,0.006473,0.004740
66.880,0.009848,0.005791,0.006352,0.004807
66.890,0.009913,0.005923,0.006353,0.004777
66.900,0.009908,0.005915,0.006396,0.004719
66.910,0.009908,0.005905,0.006403,0.004723
66.920,0.009672,0.005542,0.006351,0.004745
66.930,0.009623,0.005495,0.006300,0.004766
66.940,0.009489,0.005413,0.006178,0.004751
66.950,0.009545,0.005513,0.006067,0.004889
66.960,0.009716,0.005667,0.006159,0.004934
66.970,0.009462,0.005225,0.006147,0.004944
66.980,0.009682,0.005210,0.006537,0.004885
66.990,0.009783,0.005209,0.006627,0.004965
67.000,0.009688,0.005223,0.006568,0.004841
67.010,0.009626,0.005270,0.006552,0.004686
67.020,0.009662,0.005291,0.006597,0.004673
67.030,0.009650,0.005284,0.006577,0.004684
67.040,0.009640,0.005336,0.006532,0.004667
67.050,0.009640,0.005294,0.006551,0.004689
67.060,0.009893,0.005287,0.006851,0.004794
67.070,0.009745,0.005275,0.006698,0.004719
67.080,0.009614,0.005193,0.006675,0.004574
67.090,0.009509,0.005166,0.006615,0.004469
67.100,0.009620,0.005246,0.006613,0.004615
67.110,0.009686,0.005253,0.006649,0.004692
67.120,0.009744,0.005255,0.006752,0.004664
67.130,0.009729,0.005267,0.006688,0.004711
67.140,0.009691,0.005175,0.006701,0.004715
67.150,0.009927,0.005204,0.007023,0.004705
67.160,0.009884,0.005172,0.006988,0.004703
67.170,0.009944,0.005239,0.006989,0.004754
67.180,0.009946,0.005355,0.006813,0.004883
67.190,0.009913,0.005336,0.006788,0.004868
67.200,0.009902,0.005194,0.006792,0.004995
67.210,0.009860,0.005185,0.006808,0.004899
67.220,0.009949,0.005324,0.006811,0.004924
67.230,0.009874,0.005141,0.006859,0.004900
67.240,0.009871,0.005164,0.006862,0.004867
67.250,0.009828,0.005257,0.006846,0.004698
67.260,0.009742,0.005155,0.006773,0.004738
67.270,0.009864,0.005286,0.006858,0.004725
67.280,0.009918,0.005337,0.006910,0.004704
67.290,0.009760,0.005416,0.006723,0.004552
67.300,0.009727,0.005413,0.006698,0.004521
67.310,0.009960,0.005569,0.006879,0.004568
67.320,0.009881,0.005571,0.006766,0.004562
67.330,0.009788,0.005495,0.006653,0.004621
67.340,0.009830,0.005459,0.006747,0.004616
67.350,0.009774,0.005463,0.006605,0.004697
67.360,0.009817,0.005513,0.006620,0.004707
67.370,0.009714,0.005359,0.006590,0.004713
67.380,0.009892,0.005667,0.006597,0.004714
67.390,0.009737,0.005415,0.006595,0.004689
67.400,0.009711,0.005473,0.006506,0.004692
67.410,0.009650,0.005363,0.006505,0.004694
67.420,0.009653,0.005401,0.006501,0.004664
67.430,0.009570,0.005312,0.006497,0.004601
67.440,0.009607,0.005310,0.006583,0.004557
67.450,0.009437,0.005221,0.006491,0.004434
67.460,0.009399,0.005082,0.006336,0.004730
67.470,0.009542,0.005181,0.006438,0.004770
67.480,0.009645,0.005750,0.006096,0.004775
67.490,0.009593,0.005741,0.006086,0.004694
67.500,0.009693,0.005799,0.006163,0.004727
67.510,0.009854,0.005861,0.006319,0.004776
67.520,0.009746,0.005818,0.006150,0.004828
67.530,0.010098,0.005838,0.006639,0.004880
67.540,0.010243,0.005880,0.006792,0.004922
67.550,0.010223,0.005884,0.006785,0.004883
67.560,0.010006,0.005901,0.006518,0.004777
67.570,0.010067,0.005898,0.006616,0.004775
67.580,0.010007,0.005945,0.006644,0.004543
67.590,0.010088,0.006000,0.006667,0.004617
67.600,0.009931,0.005951,0.006533,0.004531
67.610,0.009879,0.005929,0.006507,0.004484
67.620,0.009808,0.005924,0.006418,0.004464
67.630,0.009873,0.005948,0.006445,0.004535
67.640,0.009897,0.005989,0.006448,0.004528
67.650,0.009641,0.005986,0.006054,0.004524
67.660,0.009686,0.005988,0.006099,0.004557
67.670,0.009635,0.005940,0.006081,0.004536
67.680,0.009598,0.005927,0.006060,0.004502
67.690,0.009710,0.005880,0.006072,0.004780
67.700,0.009688,0.005908,0.006062,0.004713
67.710,0.009685,0.005888,0.006075,0.004715
67.720,0.009651,0.005734,0.006062,0.004850
67.730,0.009607,0.005729,0.005983,0.004865
67.740,0.009620,0.005709,0.005979,0.004920
67.750,0.009640,0.005630,0.006063,0.004947
